abname	sesascore	episim	absim
7wcz_a_b_A	0.2188690476190476	0.0	0.309
7wd7_a_b_A	0.2188690476190476	0.0	0.309
6w41_H_L_C	0.20973611111111112	0.0	0.307
6xc7_H_L_A	0.20973611111111112	0.0	0.307
7a5s_H_L_A	0.20973611111111112	0.0	0.283
7r8l_C_D_E	0.20973611111111112	0.0	0.307
7mzj_H_L_A	0.19654940476190477	0.03	0.287
7e7x_M_N_B	0.196375	0.0	0.308
7f62_H_L_A	0.1891314209726444	0.0	0.212
7faf_g_f_B	0.18824404761904762	0.0	0.251
7cwt_E_D_A	0.18764880952380952	0.0	0.489
7cyh_E_D_A	0.18764880952380952	0.0	0.494
7e5s_R_O_A	0.18764880952380952	0.0	0.382
7czy_H_K_A	0.18246190476190477	0.0	0.267
7kmg_A_B_C	0.1800342261904762	0.0	0.347
7kqb_H_L_A	0.17748333333333338	0.0	0.229
7kqb_K_J_C	0.17748333333333338	0.0	0.229
6wps_C_D_B	0.17521904761904764	0.8	1.0
6wpt_D_E_A	0.17521904761904764	1.0	1.0
7bep_H_L_E	0.17521904761904764	0.733	0.525
7jx3_A_B_R	0.17521904761904764	0.733	0.527
7l0n_C_D_S	0.17521904761904764	0.579	0.527
7tly_A_B_I	0.17521904761904764	0.5	0.683
7tn0_B_A_I	0.17521904761904764	0.529	0.527
7tn0_C_D_S	0.17521904761904764	0.625	0.527
7mzk_N_M_B	0.17412738095238095	0.0	0.358
7beo_C_D_X	0.17352070668693018	0.0	0.39
7beo_H_L_R	0.17352070668693018	0.0	0.39
7nd9_H_L_B	0.17352070668693018	0.0	0.373
6xdg_B_D_E	0.17215714285714284	0.0	0.296
7ben_D_F_C	0.1694433257345492	0.0	0.387
7ben_H_L_E	0.1694433257345492	0.0	0.387
7ora_H_L_C	0.1694433257345492	0.0	0.387
7e3l_D_E_A	0.1673888888888889	0.0	0.399
7e8f_C_B_R	0.15922936507936505	0.0	0.281
7prz_H_L_E	0.15920654761904762	0.0	0.291
7chc_A_B_R	0.15882936507936507	0.0	0.281
7che_A_B_R	0.15882936507936507	0.0	0.281
7chh_D_E_A	0.15882936507936507	0.0	0.281
7chh_J_K_C	0.15882936507936507	0.0	0.281
7lrt_D_E_C	0.15854821428571433	0.0	0.396
7n8i_H_L_A	0.15624166666666667	0.0	0.427
7so9_C_B_A	0.15624166666666667	0.0	0.43
7soa_H_L_A	0.15624166666666667	0.0	0.43
7tm0_I_H_A	0.15624166666666667	0.0	0.433
7cdj_H_L_E	0.15243214285714285	0.0	0.303
7czt_H_L_A	0.15157222222222222	0.0	0.208
7pqz_A_B_E	0.15093571428571434	0.043	0.271
7q9f_H_L_A	0.14965714285714285	0.0	0.395
7q9f_J_K_C	0.14965714285714285	0.0	0.395
7bep_A_B_E	0.14900714285714287	0.0	0.273
7nd8_H_L_B	0.14900714285714287	0.0	0.273
7s0e_H_L_A	0.14870833333333333	0.0	0.293
7l7e_H_L_S	0.14857936507936506	0.0	0.4
7l7e_I_J_K	0.14857936507936506	0.0	0.4
7cwt_P_M_C	0.1480376984126984	0.0	0.461
7cwu_N_G_B	0.1480376984126984	0.0	0.461
7cwu_P_I_C	0.1480376984126984	0.0	0.461
7e5r_X_S_C	0.1480376984126984	0.0	0.461
7e5s_U_Q_B	0.1480376984126984	0.0	0.461
7akd_D_E_C	0.14801058763931105	0.238	0.526
7k9j_I_M_B	0.14576190476190476	0.211	0.502
7k9j_J_N_C	0.14576190476190476	0.2	0.502
7k9k_H_L_A	0.14576190476190476	0.238	0.502
7cwn_G_F_A	0.14447321428571427	0.0	0.307
7e5r_M_U_A	0.14447321428571427	0.0	0.471
7e5r_T_V_B	0.14447321428571427	0.0	0.471
7e5s_I_K_B	0.14447321428571427	0.0	0.471
7qnw_A_B_E	0.1443119047619048	0.0	0.282
7ps2_A_B_G	0.14415297619047618	0.0	0.289
6xkq_H_L_A	0.1438198412698413	0.0	0.343
7beh_H_L_E	0.14264821428571428	0.0	0.324
7nd7_F_G_B	0.14264821428571428	0.0	0.338
7nd7_J_K_C	0.14264821428571428	0.0	0.338
7ps4_B_C_A	0.14258630952380952	0.0	0.283
7k8x_E_G_A	0.14182857142857141	0.0	0.334
7l2c_C_D_B	0.14168273809523807	0.0	0.32
7l2c_H_L_A	0.14168273809523807	0.0	0.32
7mzj_F_E_A	0.13985059523809523	0.0	0.265
7m3i_H_L_R	0.13899345238095237	0.0	0.271
7m6g_R_S_B	0.13894761904761904	0.0	0.441
7djz_A_B_C	0.1372202380952381	0.0	0.376
7ps0_B_C_A	0.13690714285714287	0.0	0.256
6xdg_C_A_E	0.13654543650793652	0.0	0.264
7cm4_H_L_A	0.13604523809523808	0.0	0.195
7n5h_H_L_A	0.13590357142857143	0.0	0.567
7e3b_B_C_A	0.13444702380952384	0.034	0.215
7k8s_H_L_A	0.13422738095238096	0.0	0.295
7k8s_M_N_C	0.13422738095238096	0.0	0.295
7k8s_O_P_B	0.13422738095238096	0.0	0.295
7k8t_M_N_B	0.13422738095238096	0.0	0.295
7k8t_O_P_A	0.13422738095238096	0.0	0.295
7jx3_C_D_R	0.13401488095238095	0.0	0.264
7e7y_A_B_R	0.1333416666666667	0.0	0.261
7e7y_C_D_E	0.1333416666666667	0.0	0.261
7l7e_C_D_b	0.13280833333333333	0.0	0.288
7l7e_E_F_G	0.13280833333333333	0.0	0.288
7byr_H_L_B	0.1326390873015873	0.0	0.536
7k9z_B_A_E	0.1325166666666667	0.0	0.371
7k9z_H_L_E	0.132375	0.034	0.365
7r6x_H_L_R	0.1317857142857143	0.0	0.287
7lab_T_S_A	0.13124464285714285	0.0	0.401
7lab_Y_X_B	0.13124464285714285	0.0	0.401
7f7e_C_L_E	0.1297226190476191	0.08	0.298
7tas_H_L_E	0.12958789682539681	0.0	0.388
7tat_H_L_A	0.12958789682539681	0.0	0.388
6xcn_B_D_A	0.12945357142857142	0.0	0.271
6xcn_H_L_C	0.12945357142857142	0.0	0.271
7l5b_H_L_A	0.12940892857142858	0.0	0.33
7r8o_H_L_B	0.12869305555555552	0.0	0.316
7r8o_M_N_E	0.12869305555555552	0.0	0.316
7ld1_P_O_A	0.12840492424242425	0.0	0.358
7ljr_S_T_A	0.12789107142857142	0.0	0.271
7mf1_H_L_A	0.12770833333333334	0.0	0.31
7bel_A_B_R	0.12756190476190477	0.133	0.277
7bel_C_D_X	0.12756190476190477	0.143	0.277
7ora_D_E_C	0.12756190476190477	0.133	0.281
7q9k_D_E_B	0.12721785714285713	0.0	0.361
7msq_H_L_A	0.12718333333333334	0.0	0.282
7m42_B_A_E	0.12538690476190475	0.0	0.326
7mzl_H_L_A	0.12516666666666668	0.0	0.299
7kn3_H_L_A	0.12453412698412698	0.0	0.304
7kqe_H_L_A	0.12388214285714287	0.0	0.204
7kqe_I_N_B	0.12388214285714287	0.0	0.204
7m7b_H_L_A	0.12388214285714287	0.0	0.204
7sn3_F_G_B	0.12345654761904763	0.0	0.318
7sn3_H_L_C	0.12345654761904763	0.0	0.318
7kzb_H_L_C	0.12311944444444443	0.0	0.286
7v26_a_b_A	0.12266417748917749	0.038	0.238
7v26_c_d_C	0.12266417748917749	0.036	0.238
7tht_a_c_S	0.12234642857142858	0.0	0.545
7tht_H_L_C	0.12234642857142858	0.0	0.545
7cah_E_D_A	0.12199047619047619	0.0	0.403
7cak_E_D_A	0.12199047619047619	0.0	0.326
7cwn_E_D_B	0.12199047619047619	0.0	0.334
7cwn_H_N_C	0.12199047619047619	0.0	0.334
7e5r_L_H_A	0.12199047619047619	0.0	0.326
7e5s_L_D_B	0.12199047619047619	0.0	0.326
7dpm_A_B_C	0.12192380952380956	0.0	0.274
7dpm_G_H_I	0.12192380952380956	0.0	0.274
7dpm_J_K_L	0.12192380952380956	0.0	0.274
7chs_H_L_E	0.12099761904761905	0.0	0.297
7lxw_H_L_A	0.12056666666666667	0.0	0.391
7rkv_D_H_B	0.1205125	0.0	0.266
7rkv_E_F_A	0.1205125	0.0	0.266
7rkv_G_L_C	0.1205125	0.0	0.266
7pry_C_D_I	0.11951666666666666	0.0	0.315
7bnv_H_L_A	0.11920119047619047	0.0	0.355
7e8c_H_L_A	0.11859999999999998	0.0	0.271
7e8f_H_L_A	0.11859999999999998	0.0	0.271
7lss_H_L_B	0.11665357142857144	0.042	0.332
7ps7_A_B_E	0.11616666666666664	0.0	0.257
7ps7_H_L_R	0.11616666666666664	0.0	0.257
7s4s_H_L_A	0.11599027777777776	0.0	0.345
7mzf_H_L_A	0.11566704545454545	0.0	0.292
7k90_M_N_A	0.11333333333333333	0.0	0.262
7eam_C_D_B	0.11254880952380954	0.036	0.285
7lcn_H_L_C	0.11206666666666668	0.0	0.317
7dk0_A_B_C	0.11168452380952382	0.0	0.38
7c01_C_D_B	0.11150357142857144	0.0	0.288
7e86_A_B_C	0.11144226190476189	0.0	0.288
7kmk_I_M_B	0.11078214285714287	0.0	0.299
7kxk_I_M_B	0.11078214285714287	0.0	0.299
7ra8_C_D_B	0.11002500000000001	0.0	0.502
7w9f_A_B_E	0.10992916666666666	0.0	0.225
7czp_H_L_A	0.10974999999999999	0.0	0.198
7ks9_H_L_B	0.10922738095238095	0.0	0.284
7qny_A_B_E	0.10875	0.154	0.269
7ej5_H_L_A	0.10790833333333333	0.0	0.224
7ej5_J_N_C	0.10790833333333333	0.0	0.224
7lxz_E_D_A	0.10756058763931103	0.0	0.71
7pqy_B_C_A	0.10717041847041849	0.0	0.286
7pqz_H_L_E	0.10717041847041849	0.0	0.286
7q0g_H_L_E	0.10717041847041849	0.0	0.286
7nd4_F_G_B	0.10657857142857144	0.0	0.244
7nd4_H_L_C	0.10657857142857144	0.0	0.244
7mmo_A_B_C	0.10616190476190478	0.0	0.229
7mmo_D_E_F	0.10616190476190478	0.038	0.229
7e5y_C_B_A	0.10582738095238095	0.0	0.256
7ly0_H_L_A	0.10543333333333335	0.0	0.41
7ly2_G_I_B	0.10543333333333335	0.0	0.41
7q6e_E_F_B	0.10450595238095238	0.0	0.396
7q6e_J_K_C	0.10450595238095238	0.0	0.396
7np1_H_L_A	0.10344583333333333	0.0	0.298
7np1_I_M_B	0.10344583333333333	0.0	0.298
7np1_J_N_C	0.10344583333333333	0.0	0.298
7np1_K_O_D	0.10344583333333333	0.0	0.298
7czr_H_K_A	0.10334166666666668	0.0	0.227
7e88_A_B_C	0.09975595238095238	0.0	0.279
7e88_D_E_F	0.09975595238095238	0.0	0.279
7e88_G_H_I	0.09975595238095238	0.0	0.279
7kfv_C_D_B	0.09874464285714286	0.0	0.302
7kfv_F_G_E	0.09874464285714286	0.0	0.302
7ps6_H_L_E	0.09658749999999999	0.0	0.288
7dk2_A_B_C	0.09550411255411255	0.0	0.293
6zdg_B_C_A	0.09465297619047619	0.0	0.301
6zdh_D_F_B	0.09465297619047619	0.0	0.301
6zdh_G_I_C	0.09465297619047619	0.0	0.301
6zfo_B_C_A	0.09465297619047619	0.0	0.301
7nx9_H_L_E	0.09465297619047619	0.0	0.301
7nxa_H_L_E	0.09465297619047619	0.0	0.301
7nxb_H_L_E	0.09465297619047619	0.0	0.301
7qnw_H_L_E	0.09465297619047619	0.0	0.301
7k9h_I_M_C	0.09406403318903318	0.0	0.355
7jmo_H_L_A	0.09321626984126984	0.0	0.353
7m6d_H_L_C	0.08823869047619048	0.0	0.341
7bem_H_L_E	0.08721666666666666	0.0	0.378
7lq7_P_Q_A	0.08610714285714284	0.0	0.352
7lq7_y_z_E	0.08610714285714284	0.0	0.352
7ch5_H_L_R	0.08584821428571428	0.0	0.34
7n3i_H_L_C	0.08581904761904763	0.0	0.353
7r8l_H_L_E	0.08482321428571428	0.0	0.341
7wd9_G_H_C	0.08445833333333333	0.0	0.314
7wk9_a_b_B	0.08445833333333333	0.0	0.314
7wk9_c_d_C	0.08445833333333333	0.0	0.314
7k8m_A_B_E	0.08232738095238096	0.0	0.351
7ben_G_I_C	0.08005357142857143	0.0	0.283
7orb_E_F_X	0.08005357142857143	0.0	0.283
7cdi_H_L_E	0.08004404761904763	0.0	0.354
7sc1_M_N_B	0.07818928571428573	0.0	0.285
6xc4_H_L_A	0.07756534954407295	0.0	0.357
6xc4_X_Y_Z	0.07756534954407295	0.0	0.357
6xc7_C_D_A	0.07756534954407295	0.0	0.357
7dk4_a_b_A	0.07565694444444443	0.0	0.288
7dk4_e_f_C	0.07565694444444443	0.0	0.288
7dk7_c_d_B	0.07565694444444443	0.0	0.288
6xc2_H_L_A	0.07356210317460318	0.0	0.293
6xc3_B_A_C	0.07356210317460318	0.0	0.293
7kfw_C_D_B	0.07291269841269842	0.0	0.299
7bej_H_L_E	0.07153809523809523	0.0	0.286
7bek_H_L_E	0.07153809523809523	0.0	0.286
7nd6_H_L_B	0.07153809523809523	0.0	0.286
7dcx_A_F_C	0.062162499999999996	0.0	0.269
7dcx_E_H_K	0.062162499999999996	0.0	0.269
7q9g_E_F_B	0.058583333333333334	0.0	0.57
7chf_H_L_R	0.05020416666666667	0.0	0.291
7e8c_D_E_C	0.05020416666666667	0.0	0.294
7e8c_O_Q_A	0.05020416666666667	0.0	0.294
7e8f_D_E_R	0.05020416666666667	0.0	0.293
