abname	sesascore	episim	absim
7bem_H_L_E	0.7350333333333333	0.824	0.499
7kfw_C_D_B	0.6549422619047619	0.818	0.904
7chf_H_L_R	0.5690361111111111	0.824	0.923
7e8c_D_E_C	0.5690361111111111	0.781	0.916
7e8c_O_Q_A	0.5690361111111111	0.758	0.916
7e8f_D_E_R	0.5690361111111111	0.844	0.914
6xc2_H_L_A	0.5482593253968254	1.0	1.0
6xc3_B_A_C	0.5482593253968254	0.848	1.0
7kfv_C_D_B	0.5275970238095238	0.875	0.908
7kfv_F_G_E	0.5275970238095238	0.875	0.908
7sc1_M_N_B	0.5060563492063492	0.618	0.886
7e86_A_B_C	0.44166785714285717	0.765	0.888
7q9g_E_F_B	0.3990607142857144	0.0	0.405
7cdi_H_L_E	0.3932654761904762	0.75	0.827
7r8l_H_L_E	0.38978869047619047	0.727	0.805
6xcn_B_D_A	0.38489285714285704	0.531	0.579
6xcn_H_L_C	0.38489285714285704	0.531	0.579
7e5y_C_B_A	0.38199940476190475	0.636	0.756
7bej_H_L_E	0.3769428571428571	0.829	0.923
7bek_H_L_E	0.3769428571428571	0.853	0.923
7nd6_H_L_B	0.3769428571428571	0.853	0.923
7np1_H_L_A	0.3490875	0.625	0.864
7np1_I_M_B	0.3490875	0.625	0.864
7np1_J_N_C	0.3490875	0.781	0.864
7np1_K_O_D	0.3490875	0.656	0.864
7dk4_a_b_A	0.3484440476190476	0.41	0.488
7dk4_e_f_C	0.3484440476190476	0.359	0.488
7dk7_c_d_B	0.3484440476190476	0.405	0.488
7n3i_H_L_C	0.34412380952380955	0.727	0.822
6xc4_H_L_A	0.33570952380952385	0.719	0.828
6xc4_X_Y_Z	0.33570952380952385	0.719	0.828
6xc7_C_D_A	0.33570952380952385	0.688	0.828
7jmo_H_L_A	0.3279309523809524	0.875	0.822
7kmk_I_M_B	0.32771904761904763	0.361	0.833
7kxk_I_M_B	0.32771904761904763	0.306	0.833
7pqy_B_C_A	0.32744940476190476	0.647	0.865
7pqz_H_L_E	0.32744940476190476	0.647	0.865
7q0g_H_L_E	0.32744940476190476	0.618	0.865
7c01_C_D_B	0.3081333333333333	0.686	0.879
7k8m_A_B_E	0.2777011904761905	0.719	0.816
7m6d_H_L_C	0.2739	0.688	0.814
7dk2_A_B_C	0.25464027777777776	0.629	0.852
7ch5_H_L_R	0.23944166666666666	0.727	0.815
7s4s_H_L_A	0.2347704365079365	0.781	0.817
7m6g_R_S_B	0.21925714285714287	0.045	0.675
7kmg_A_B_C	0.20737023809523808	0.116	0.692
7dcx_A_F_C	0.19977619047619047	0.143	0.495
7dcx_E_H_K	0.19977619047619047	0.275	0.495
7ks9_H_L_B	0.1935666666666667	0.848	0.855
7tht_a_c_S	0.1879785714285714	0.109	0.343
7tht_H_L_C	0.1879785714285714	0.13	0.343
7e3b_B_C_A	0.18669166666666667	0.0	0.509
7mzj_F_E_A	0.1854027777777778	0.485	0.558
7r6x_H_L_R	0.17923333333333333	0.0	0.827
7byr_H_L_B	0.1748452380952381	0.211	0.345
7cdj_H_L_E	0.1745357142857143	0.19	0.873
7cah_E_D_A	0.1717757936507937	0.042	0.478
7cak_E_D_A	0.1717757936507937	0.041	0.67
7cwn_E_D_B	0.1717757936507937	0.019	0.647
7cwn_H_N_C	0.1717757936507937	0.019	0.647
7e5r_L_H_A	0.1717757936507937	0.022	0.67
7e5s_L_D_B	0.1717757936507937	0.0	0.67
7dk0_A_B_C	0.17166547619047617	0.133	0.546
7mzf_H_L_A	0.16973749999999999	0.818	0.87
7ra8_C_D_B	0.16948906926406926	0.047	0.271
7e88_A_B_C	0.16428630952380954	0.606	0.84
7e88_D_E_F	0.16428630952380954	0.636	0.84
7e88_G_H_I	0.16428630952380954	0.636	0.84
7chs_H_L_E	0.16416369047619045	0.818	0.935
7q6e_E_F_B	0.1627345238095238	0.0	0.691
7q6e_J_K_C	0.1627345238095238	0.0	0.691
7pry_C_D_I	0.15699880952380954	0.108	0.686
7k9z_H_L_E	0.1569607142857143	0.042	0.751
7m3i_H_L_R	0.15379107142857143	0.02	0.491
7beh_H_L_E	0.15233492063492063	0.158	0.464
7nd7_F_G_B	0.15233492063492063	0.184	0.481
7nd7_J_K_C	0.15233492063492063	0.179	0.481
7bep_A_B_E	0.14908446969696967	0.103	0.778
7nd8_H_L_B	0.14908446969696967	0.103	0.778
7ps6_H_L_E	0.14892857142857144	0.103	0.771
7czr_H_K_A	0.14414404761904762	0.688	0.629
7e7y_A_B_R	0.14244404761904764	0.216	0.569
7e7y_C_D_E	0.14244404761904764	0.162	0.569
7jx3_C_D_R	0.14018630952380953	0.389	0.531
7nd4_F_G_B	0.13850476190476188	0.382	0.474
7nd4_H_L_C	0.13850476190476188	0.371	0.474
7lxz_E_D_A	0.1380111111111111	0.15	0.292
7s0e_H_L_A	0.13764404761904764	0.0	0.843
7q9k_D_E_B	0.136875	0.024	0.741
7ld1_P_O_A	0.13629404761904762	0.152	0.684
7kqe_H_L_A	0.13310238095238094	0.021	0.364
7kqe_I_N_B	0.13310238095238094	0.02	0.364
7m7b_H_L_A	0.13310238095238094	0.022	0.364
7k9h_I_M_C	0.13157500000000005	0.135	0.262
7lab_T_S_A	0.12606666666666666	0.0	0.641
7lab_Y_X_B	0.12606666666666666	0.0	0.641
7e8c_H_L_A	0.12543452380952383	0.0	0.537
7e8f_H_L_A	0.12543452380952383	0.0	0.537
7sn3_F_G_B	0.12441130952380952	0.0	0.71
7sn3_H_L_C	0.12441130952380952	0.0	0.71
7f62_H_L_A	0.12379404761904762	0.412	0.51
7mzl_H_L_A	0.12356904761904762	0.568	0.652
7ljr_S_T_A	0.12350238095238095	0.12	0.464
7pqz_A_B_E	0.12305000000000002	0.023	0.561
7dpm_A_B_C	0.12118214285714285	0.043	0.843
7dpm_G_H_I	0.12118214285714285	0.022	0.843
7dpm_J_K_L	0.12118214285714285	0.022	0.843
7r8o_H_L_B	0.12004166666666669	0.209	0.464
7r8o_M_N_E	0.12004166666666669	0.19	0.464
7mzj_H_L_A	0.11839583333333333	0.038	0.802
6zdg_B_C_A	0.117025	0.0	0.848
6zdh_D_F_B	0.117025	0.0	0.848
6zdh_G_I_C	0.117025	0.0	0.848
6zfo_B_C_A	0.117025	0.0	0.848
7nx9_H_L_E	0.117025	0.0	0.848
7nxa_H_L_E	0.117025	0.0	0.848
7nxb_H_L_E	0.117025	0.0	0.848
7qnw_H_L_E	0.117025	0.0	0.848
7wd9_G_H_C	0.11614623015873016	0.0	0.463
7wk9_a_b_B	0.11614623015873016	0.0	0.463
7wk9_c_d_C	0.11614623015873016	0.0	0.463
7n5h_H_L_A	0.11505714285714284	0.087	0.312
7eam_C_D_B	0.11465178571428573	0.0	0.494
7kn3_H_L_A	0.1144289502164502	0.41	0.816
7czp_H_L_A	0.11321626984126985	0.543	0.374
7q9f_H_L_A	0.11298630952380953	0.0	0.687
7q9f_J_K_C	0.11298630952380953	0.0	0.687
7ps4_B_C_A	0.11281250000000001	0.0	0.494
7k90_M_N_A	0.11250357142857144	0.158	0.569
7l7e_C_D_b	0.11177738095238095	0.043	0.752
7l7e_E_F_G	0.11177738095238095	0.043	0.752
7k8x_E_G_A	0.11088769841269841	0.1	0.49
7akd_D_E_C	0.11075515873015875	0.0	0.302
7chc_A_B_R	0.11063988095238095	0.0	0.734
7che_A_B_R	0.11063988095238095	0.0	0.734
7chh_D_E_A	0.11063988095238095	0.0	0.734
7chh_J_K_C	0.11063988095238095	0.0	0.734
7l5b_H_L_A	0.11035714285714288	0.171	0.464
7cwn_G_F_A	0.10978690476190475	0.098	0.82
7e5r_M_U_A	0.10978690476190475	0.075	0.424
7e5r_T_V_B	0.10978690476190475	0.077	0.424
7e5s_I_K_B	0.10978690476190475	0.114	0.424
7faf_g_f_B	0.10934444444444445	0.0	0.495
6xdg_B_D_E	0.10826825396825397	0.229	0.816
7djz_A_B_C	0.10729166666666667	0.209	0.688
7mf1_H_L_A	0.1072468253968254	0.022	0.474
7e8f_C_B_R	0.10705654761904762	0.0	0.734
7ps0_B_C_A	0.10675796703296703	0.216	0.486
7ps2_A_B_G	0.10544166666666667	0.5	0.752
6xkq_H_L_A	0.10426190476190476	0.389	0.464
7bnv_H_L_A	0.10339880952380953	0.023	0.678
7f7e_C_L_E	0.10207857142857144	0.022	0.822
7kzb_H_L_C	0.10188333333333333	0.02	0.804
7bel_A_B_R	0.10006190476190477	0.0	0.78
7bel_C_D_X	0.10006190476190477	0.0	0.78
7ora_D_E_C	0.10006190476190477	0.0	0.797
7m42_B_A_E	0.09983809523809524	0.162	0.48
7lq7_P_Q_A	0.09905	0.059	0.715
7lq7_y_z_E	0.09905	0.06	0.715
7ps7_A_B_E	0.09856666666666666	0.108	0.476
7ps7_H_L_R	0.09856666666666666	0.135	0.476
7mzk_N_M_B	0.09822638888888888	0.024	0.691
7kqb_H_L_A	0.098075	0.159	0.571
7kqb_K_J_C	0.098075	0.156	0.571
7v26_a_b_A	0.09670833333333333	0.044	0.452
7v26_c_d_C	0.09670833333333333	0.065	0.452
7k9j_I_M_B	0.09638611111111112	0.0	0.277
7k9j_J_N_C	0.09638611111111112	0.0	0.277
7k9k_H_L_A	0.09638611111111112	0.0	0.277
7ly0_H_L_A	0.09591038961038961	0.0	0.339
7ly2_G_I_B	0.09591038961038961	0.0	0.339
7ben_D_F_C	0.09574285714285714	0.286	0.67
7ben_H_L_E	0.09574285714285714	0.324	0.67
7ora_H_L_C	0.09574285714285714	0.294	0.67
7czy_H_K_A	0.09460575396825398	0.324	0.491
7qny_A_B_E	0.09458333333333332	0.0	0.522
7l2c_C_D_B	0.09284285714285714	0.0	0.475
7l2c_H_L_A	0.09284285714285714	0.0	0.475
7tas_H_L_E	0.09243058608058609	0.333	0.336
7tat_H_L_A	0.09243058608058609	0.286	0.336
7msq_H_L_A	0.09206666666666666	0.043	0.747
7lxw_H_L_A	0.09140277777777779	0.0	0.332
7cm4_H_L_A	0.09085476190476191	0.282	0.348
6wps_C_D_B	0.09054166666666667	0.0	0.293
6wpt_D_E_A	0.09054166666666667	0.0	0.293
7bep_H_L_E	0.09054166666666667	0.0	0.679
7jx3_A_B_R	0.09054166666666667	0.0	0.678
7l0n_C_D_S	0.09054166666666667	0.0	0.678
7tly_A_B_I	0.09054166666666667	0.0	0.497
7tn0_B_A_I	0.09054166666666667	0.0	0.678
7tn0_C_D_S	0.09054166666666667	0.0	0.678
7rkv_D_H_B	0.08826964285714285	0.018	0.548
7rkv_E_F_A	0.08826964285714285	0.018	0.548
7rkv_G_L_C	0.08826964285714285	0.019	0.548
6xdg_C_A_E	0.08702539682539681	0.025	0.56
7prz_H_L_E	0.08701127344877342	0.559	0.772
7beo_C_D_X	0.08692619047619048	0.294	0.67
7beo_H_L_R	0.08692619047619048	0.286	0.67
7nd9_H_L_B	0.08692619047619048	0.324	0.641
7k9z_B_A_E	0.08639722222222221	0.257	0.703
7lrt_D_E_C	0.08615416666666667	0.235	0.679
7qnw_A_B_E	0.08509821428571429	0.095	0.727
7e3l_D_E_A	0.08193571428571429	0.25	0.669
6w41_H_L_C	0.08011964285714286	0.0	0.689
6xc7_H_L_A	0.08011964285714286	0.0	0.689
7a5s_H_L_A	0.08011964285714286	0.0	0.62
7r8l_C_D_E	0.08011964285714286	0.0	0.689
7lss_H_L_B	0.07866666666666668	0.047	0.26
7mmo_A_B_C	0.07747380952380953	0.093	0.551
7mmo_D_E_F	0.07747380952380953	0.093	0.551
7czt_H_L_A	0.0773825702075702	0.556	0.413
7ej5_H_L_A	0.07641944444444446	0.222	0.463
7ej5_J_N_C	0.07641944444444446	0.171	0.463
7w9f_A_B_E	0.0733361111111111	0.257	0.36
7cwt_E_D_A	0.07328333333333333	0.119	0.37
7cyh_E_D_A	0.07328333333333333	0.125	0.368
7e5s_R_O_A	0.07328333333333333	0.132	0.561
7l7e_H_L_S	0.07251785714285713	0.229	0.666
7l7e_I_J_K	0.07251785714285713	0.25	0.666
7n8i_H_L_A	0.07045833333333333	0.0	0.392
7so9_C_B_A	0.07045833333333333	0.0	0.394
7soa_H_L_A	0.07045833333333333	0.0	0.394
7tm0_I_H_A	0.07045833333333333	0.0	0.396
7e7x_M_N_B	0.06938237179487179	0.0	0.469
7lcn_H_L_C	0.06858931623931624	0.0	0.467
7ben_G_I_C	0.06691190476190477	0.068	0.832
7orb_E_F_X	0.06691190476190477	0.091	0.832
7k8s_H_L_A	0.06520416666666666	0.119	0.829
7k8s_M_N_C	0.06520416666666666	0.128	0.829
7k8s_O_P_B	0.06520416666666666	0.135	0.829
7k8t_M_N_B	0.06520416666666666	0.1	0.829
7k8t_O_P_A	0.06520416666666666	0.133	0.829
7wcz_a_b_A	0.06320238095238095	0.139	0.461
7wd7_a_b_A	0.06320238095238095	0.176	0.461
7cwt_P_M_C	0.05465	0.0	0.278
7cwu_N_G_B	0.05465	0.0	0.278
7cwu_P_I_C	0.05465	0.0	0.278
7e5r_X_S_C	0.05465	0.0	0.278
7e5s_U_Q_B	0.05465	0.0	0.278
