abname	sesascore	episim	absim
6xc4_H_L_A	0.6672940476190475	1.0	1.0
6xc4_X_Y_Z	0.6672940476190475	0.917	1.0
6xc7_C_D_A	0.6672940476190475	0.875	1.0
7cdi_H_L_E	0.5220499999999999	0.741	0.916
7q9g_E_F_B	0.5083238095238095	0.0	0.462
7pqy_B_C_A	0.4967714285714284	0.741	0.792
7pqz_H_L_E	0.4967714285714284	0.679	0.792
7q0g_H_L_E	0.4967714285714284	0.643	0.792
7k8m_A_B_E	0.49213749999999995	0.84	0.945
7chf_H_L_R	0.45788690476190474	0.71	0.815
7e8c_D_E_C	0.45788690476190474	0.714	0.816
7e8c_O_Q_A	0.45788690476190474	0.75	0.816
7e8f_D_E_R	0.45788690476190474	0.786	0.815
7sc1_M_N_B	0.4481071428571428	0.586	0.793
7bem_H_L_E	0.4378363095238096	0.656	0.424
7bej_H_L_E	0.4362172619047618	0.719	0.803
7bek_H_L_E	0.4362172619047618	0.742	0.803
7nd6_H_L_B	0.4362172619047618	0.742	0.803
7e86_A_B_C	0.43022857142857135	0.7	0.817
7kfw_C_D_B	0.42865476190476187	0.7	0.821
6xc2_H_L_A	0.425129761904762	0.719	0.828
6xc3_B_A_C	0.425129761904762	0.733	0.828
7n3i_H_L_C	0.42117718253968245	0.778	0.913
6xcn_B_D_A	0.3997684523809524	0.667	0.575
6xcn_H_L_C	0.3997684523809524	0.667	0.575
7r8l_H_L_E	0.3969619047619046	0.778	0.883
7c01_C_D_B	0.3825279761904762	0.724	0.814
7kfv_C_D_B	0.3723297619047619	0.759	0.828
7kfv_F_G_E	0.3723297619047619	0.759	0.828
7jmo_H_L_A	0.3643910714285714	0.821	0.908
7kmk_I_M_B	0.3531528138528137	0.429	0.776
7kxk_I_M_B	0.3531528138528137	0.357	0.776
7ch5_H_L_R	0.32703849206349206	0.846	0.927
7np1_H_L_A	0.31098571428571425	0.72	0.788
7np1_I_M_B	0.31098571428571425	0.72	0.788
7np1_J_N_C	0.31098571428571425	0.714	0.788
7np1_K_O_D	0.31098571428571425	0.692	0.788
7e5y_C_B_A	0.30095694444444443	0.731	0.72
7dk4_a_b_A	0.26777083333333335	0.353	0.495
7dk4_e_f_C	0.26777083333333335	0.375	0.495
7dk7_c_d_B	0.26777083333333335	0.316	0.495
7mzj_F_E_A	0.25345252525252526	0.6	0.546
7m6d_H_L_C	0.2476107142857143	0.8	0.896
7m6g_R_S_B	0.24139583333333334	0.0	0.78
7s4s_H_L_A	0.23860039682539685	0.714	0.912
7dk0_A_B_C	0.2311827380952381	0.077	0.587
7f62_H_L_A	0.2230315476190476	0.258	0.521
7ks9_H_L_B	0.2187541666666667	0.733	0.79
7r6x_H_L_R	0.21142424242424246	0.0	0.774
7q6e_E_F_B	0.20881011904761904	0.0	0.769
7q6e_J_K_C	0.20881011904761904	0.0	0.769
7dk2_A_B_C	0.19601666666666667	0.6	0.787
7lxz_E_D_A	0.18872500000000003	0.121	0.357
7tht_a_c_S	0.18602213203463203	0.077	0.303
7tht_H_L_C	0.18602213203463203	0.103	0.303
7e88_A_B_C	0.18042597402597405	0.692	0.79
7e88_D_E_F	0.18042597402597405	0.731	0.79
7e88_G_H_I	0.18042597402597405	0.731	0.79
7q9f_H_L_A	0.17868333333333333	0.0	0.761
7q9f_J_K_C	0.17868333333333333	0.0	0.761
7e3b_B_C_A	0.17630714285714288	0.0	0.496
7k9z_H_L_E	0.17311190476190474	0.0	0.703
7mzf_H_L_A	0.17255000000000004	0.759	0.807
7pry_C_D_I	0.1684994047619048	0.032	0.742
7czr_H_K_A	0.16730677655677656	0.667	0.583
7kmg_A_B_C	0.16674880952380952	0.083	0.65
7ra8_C_D_B	0.16365654761904758	0.029	0.281
7q9k_D_E_B	0.1634202380952381	0.03	0.687
7cah_E_D_A	0.16186121933621933	0.025	0.48
7cak_E_D_A	0.16186121933621933	0.024	0.672
7cwn_E_D_B	0.16186121933621933	0.0	0.653
7cwn_H_N_C	0.16186121933621933	0.0	0.653
7e5r_L_H_A	0.16186121933621933	0.0	0.672
7e5s_L_D_B	0.16186121933621933	0.0	0.672
7beh_H_L_E	0.1599482142857143	0.129	0.475
7nd7_F_G_B	0.1599482142857143	0.161	0.493
7nd7_J_K_C	0.1599482142857143	0.156	0.493
7byr_H_L_B	0.15770277777777778	0.121	0.307
7cdj_H_L_E	0.1574690476190476	0.108	0.78
7m3i_H_L_R	0.15725141941391946	0.0	0.503
7e7y_A_B_R	0.15712896825396827	0.286	0.566
7e7y_C_D_E	0.15712896825396827	0.214	0.566
6wps_C_D_B	0.1555642857142857	0.0	0.357
6wpt_D_E_A	0.1555642857142857	0.0	0.357
7bep_H_L_E	0.1555642857142857	0.0	0.762
7jx3_A_B_R	0.1555642857142857	0.0	0.765
7l0n_C_D_S	0.1555642857142857	0.0	0.765
7tly_A_B_I	0.1555642857142857	0.0	0.572
7tn0_B_A_I	0.1555642857142857	0.0	0.765
7tn0_C_D_S	0.1555642857142857	0.0	0.765
7ps6_H_L_E	0.1498160714285714	0.03	0.699
7n5h_H_L_A	0.14977380952380953	0.079	0.386
7m42_B_A_E	0.14965833333333337	0.133	0.484
7akd_D_E_C	0.14802083333333332	0.0	0.335
7dcx_A_F_C	0.14750059523809522	0.068	0.486
7dcx_E_H_K	0.14750059523809522	0.273	0.486
7ps4_B_C_A	0.1464737554112554	0.0	0.478
7ben_D_F_C	0.14557678571428573	0.333	0.756
7ben_H_L_E	0.14557678571428573	0.385	0.756
7ora_H_L_C	0.14557678571428573	0.346	0.756
7bep_A_B_E	0.14230833333333334	0.133	0.727
7nd8_H_L_B	0.14230833333333334	0.133	0.727
7k9j_I_M_B	0.14149999999999996	0.0	0.288
7k9j_J_N_C	0.14149999999999996	0.0	0.288
7k9k_H_L_A	0.14149999999999996	0.0	0.288
7faf_g_f_B	0.14083571428571426	0.0	0.491
6zdg_B_C_A	0.14021825396825396	0.0	0.78
6zdh_D_F_B	0.14021825396825396	0.0	0.78
6zdh_G_I_C	0.14021825396825396	0.0	0.78
6zfo_B_C_A	0.14021825396825396	0.0	0.78
7nx9_H_L_E	0.14021825396825396	0.0	0.78
7nxa_H_L_E	0.14021825396825396	0.0	0.78
7nxb_H_L_E	0.14021825396825396	0.0	0.78
7qnw_H_L_E	0.14021825396825396	0.0	0.78
7lab_T_S_A	0.14015357142857143	0.0	0.739
7lab_Y_X_B	0.14015357142857143	0.0	0.739
7ld1_P_O_A	0.13886486291486289	0.128	0.716
7chs_H_L_E	0.13794166666666666	0.759	0.817
7e8f_C_B_R	0.13775	0.0	0.768
7ps0_B_C_A	0.13738427128427128	0.091	0.485
7kqe_H_L_A	0.13486706349206348	0.0	0.369
7kqe_I_N_B	0.13486706349206348	0.0	0.369
7m7b_H_L_A	0.13486706349206348	0.0	0.369
7ljr_S_T_A	0.13445178571428573	0.093	0.508
7beo_C_D_X	0.13419464285714286	0.346	0.76
7beo_H_L_R	0.13419464285714286	0.333	0.76
7nd9_H_L_B	0.13419464285714286	0.385	0.725
7k9z_B_A_E	0.13367738095238094	0.25	0.72
7chc_A_B_R	0.13219999999999998	0.0	0.768
7che_A_B_R	0.13219999999999998	0.0	0.768
7chh_D_E_A	0.13219999999999998	0.0	0.768
7chh_J_K_C	0.13219999999999998	0.0	0.768
6w41_H_L_C	0.13214166666666666	0.0	0.695
6xc7_H_L_A	0.13214166666666666	0.0	0.695
7a5s_H_L_A	0.13214166666666666	0.0	0.628
7r8l_C_D_E	0.13214166666666666	0.0	0.695
7kzb_H_L_C	0.12868571428571432	0.0	0.76
7sn3_F_G_B	0.1281720238095238	0.0	0.768
7sn3_H_L_C	0.1281720238095238	0.0	0.768
7jx3_C_D_R	0.12746071428571432	0.281	0.538
7ps7_A_B_E	0.12639130036630036	0.032	0.49
7ps7_H_L_R	0.12639130036630036	0.031	0.49
7czp_H_L_A	0.12635476190476191	0.364	0.376
7czy_H_K_A	0.12199404761904763	0.385	0.506
7e3l_D_E_A	0.12130952380952381	0.286	0.76
7nd4_F_G_B	0.12077106227106228	0.357	0.452
7nd4_H_L_C	0.12077106227106228	0.345	0.452
7n8i_H_L_A	0.12067857142857143	0.0	0.348
7so9_C_B_A	0.12067857142857143	0.0	0.348
7soa_H_L_A	0.12067857142857143	0.0	0.348
7tm0_I_H_A	0.12067857142857143	0.0	0.35
7djz_A_B_C	0.1190719696969697	0.194	0.745
7e8c_H_L_A	0.11890887445887446	0.0	0.544
7e8f_H_L_A	0.11890887445887446	0.0	0.544
7rkv_D_H_B	0.11845595238095238	0.0	0.547
7rkv_E_F_A	0.11845595238095238	0.0	0.547
7rkv_G_L_C	0.11845595238095238	0.0	0.547
7lrt_D_E_C	0.11832976190476191	0.32	0.774
6xdg_B_D_E	0.11822023809523807	0.259	0.775
7mzk_N_M_B	0.11747460317460318	0.0	0.697
7r8o_H_L_B	0.11652738095238097	0.132	0.47
7r8o_M_N_E	0.11652738095238097	0.108	0.47
7s0e_H_L_A	0.11609940476190475	0.0	0.779
7bnv_H_L_A	0.11569404761904761	0.029	0.744
7pqz_A_B_E	0.11512142857142857	0.0	0.549
7mzj_H_L_A	0.11444583333333333	0.0	0.742
7v26_a_b_A	0.11435833333333335	0.0	0.453
7v26_c_d_C	0.11435833333333335	0.026	0.453
7bel_A_B_R	0.11414864718614719	0.0	0.731
7bel_C_D_X	0.11414864718614719	0.0	0.731
7ora_D_E_C	0.11414864718614719	0.0	0.747
7cwt_E_D_A	0.11389166666666665	0.056	0.401
7cyh_E_D_A	0.11389166666666665	0.059	0.398
7e5s_R_O_A	0.11389166666666665	0.062	0.599
7dpm_A_B_C	0.11257916666666666	0.0	0.772
7dpm_G_H_I	0.11257916666666666	0.0	0.772
7dpm_J_K_L	0.11257916666666666	0.0	0.772
7ly0_H_L_A	0.11257440476190476	0.0	0.348
7ly2_G_I_B	0.11257440476190476	0.0	0.348
7mmo_A_B_C	0.11128214285714287	0.027	0.559
7mmo_D_E_F	0.11128214285714287	0.027	0.559
7e7x_M_N_B	0.11103194444444443	0.0	0.475
6xkq_H_L_A	0.10911666666666667	0.414	0.461
7kn3_H_L_A	0.10677440476190476	0.314	0.812
7k9h_I_M_C	0.10671060606060605	0.1	0.273
7qny_A_B_E	0.10656190476190476	0.0	0.543
7l7e_C_D_b	0.10551071428571429	0.0	0.742
7l7e_E_F_G	0.10551071428571429	0.0	0.742
7ps2_A_B_G	0.10545476190476191	0.355	0.758
7wd9_G_H_C	0.10529285714285715	0.0	0.477
7wk9_a_b_B	0.10529285714285715	0.0	0.477
7wk9_c_d_C	0.10529285714285715	0.0	0.477
7mf1_H_L_A	0.10462142857142856	0.0	0.481
7mzl_H_L_A	0.1042594696969697	0.531	0.696
7k90_M_N_A	0.10406666666666668	0.129	0.563
7cwn_G_F_A	0.10386666666666668	0.091	0.767
7e5r_M_U_A	0.10386666666666668	0.062	0.381
7e5r_T_V_B	0.10386666666666668	0.065	0.381
7e5s_I_K_B	0.10386666666666668	0.111	0.381
7msq_H_L_A	0.10375357142857143	0.026	0.683
7lss_H_L_B	0.10299166666666669	0.0	0.261
7lq7_P_Q_A	0.10164583333333332	0.047	0.691
7lq7_y_z_E	0.10164583333333332	0.048	0.691
7l5b_H_L_A	0.10013988095238095	0.083	0.466
7lcn_H_L_C	0.09770238095238094	0.0	0.474
7kqb_H_L_A	0.09766666666666667	0.135	0.562
7kqb_K_J_C	0.09766666666666667	0.132	0.562
7lxw_H_L_A	0.09646428571428571	0.0	0.339
7k8s_H_L_A	0.09634166666666666	0.086	0.777
7k8s_M_N_C	0.09634166666666666	0.094	0.777
7k8s_O_P_B	0.09634166666666666	0.1	0.777
7k8t_M_N_B	0.09634166666666666	0.061	0.777
7k8t_O_P_A	0.09634166666666666	0.105	0.777
7cm4_H_L_A	0.09528690476190478	0.281	0.354
7prz_H_L_E	0.0942702380952381	0.467	0.747
7f7e_C_L_E	0.09397916666666668	0.0	0.759
7tas_H_L_E	0.09293690476190478	0.229	0.335
7tat_H_L_A	0.09293690476190478	0.241	0.335
7qnw_A_B_E	0.09283769841269841	0.028	0.686
7l2c_C_D_B	0.09278035714285715	0.0	0.481
7l2c_H_L_A	0.09278035714285715	0.0	0.481
7k8x_E_G_A	0.09197559523809522	0.061	0.492
7czt_H_L_A	0.09160714285714286	0.469	0.418
7l7e_H_L_S	0.09048928571428572	0.259	0.77
7l7e_I_J_K	0.09048928571428572	0.286	0.77
7cwt_P_M_C	0.09031587301587299	0.0	0.277
7cwu_N_G_B	0.09031587301587299	0.0	0.277
7cwu_P_I_C	0.09031587301587299	0.0	0.277
7e5r_X_S_C	0.09031587301587299	0.0	0.277
7e5s_U_Q_B	0.09031587301587299	0.0	0.277
7eam_C_D_B	0.08017083333333333	0.0	0.461
6xdg_C_A_E	0.07985952380952381	0.0	0.556
7wcz_a_b_A	0.07915238095238095	0.185	0.473
7wd7_a_b_A	0.07915238095238095	0.24	0.473
7ej5_H_L_A	0.077475	0.25	0.472
7ej5_J_N_C	0.077475	0.231	0.472
7w9f_A_B_E	0.07596666666666667	0.296	0.363
7ben_G_I_C	0.057782738095238095	0.027	0.748
7orb_E_F_X	0.057782738095238095	0.026	0.748
