abname	sesascore	episim	absim
6xc4_H_L_A	0.504984126984127	0.875	1.0
6xc4_X_Y_Z	0.504984126984127	0.8	1.0
6xc7_C_D_A	0.504984126984127	1.0	1.0
7ch5_H_L_R	0.5027273809523809	0.808	0.927
7k8m_A_B_E	0.45603055555555555	0.875	0.945
7e88_A_B_C	0.450122619047619	0.72	0.79
7e88_D_E_F	0.450122619047619	0.76	0.79
7e88_G_H_I	0.450122619047619	0.692	0.79
7pqy_B_C_A	0.41306904761904756	0.769	0.792
7pqz_H_L_E	0.41306904761904756	0.704	0.792
7q0g_H_L_E	0.41306904761904756	0.667	0.792
7cdi_H_L_E	0.40303333333333335	0.769	0.916
7q9g_E_F_B	0.38694285714285714	0.0	0.462
7n3i_H_L_C	0.3298071428571428	0.741	0.913
7r8l_H_L_E	0.30705535714285714	0.808	0.883
7jmo_H_L_A	0.3061488095238095	0.786	0.908
7e86_A_B_C	0.29400119047619044	0.724	0.817
7bem_H_L_E	0.2744916666666667	0.677	0.424
6xc2_H_L_A	0.25898333333333334	0.688	0.828
6xc3_B_A_C	0.25898333333333334	0.7	0.828
7kmk_I_M_B	0.2539416666666667	0.444	0.776
7kxk_I_M_B	0.2539416666666667	0.37	0.776
7sc1_M_N_B	0.25022738095238095	0.667	0.793
7sn3_F_G_B	0.24372440476190477	0.0	0.768
7sn3_H_L_C	0.24372440476190477	0.0	0.768
7chf_H_L_R	0.23982619047619047	0.733	0.815
7e8c_D_E_C	0.23982619047619047	0.741	0.816
7e8c_O_Q_A	0.23982619047619047	0.714	0.816
7e8f_D_E_R	0.23982619047619047	0.815	0.815
7m6d_H_L_C	0.2344964285714286	0.833	0.896
7bej_H_L_E	0.23299285714285714	0.688	0.803
7bek_H_L_E	0.23299285714285714	0.71	0.803
7nd6_H_L_B	0.23299285714285714	0.71	0.803
6xcn_B_D_A	0.22208154761904766	0.625	0.575
6xcn_H_L_C	0.22208154761904766	0.625	0.575
7c01_C_D_B	0.21922976190476193	0.633	0.814
7dcx_A_F_C	0.2134952380952381	0.045	0.486
7dcx_E_H_K	0.2134952380952381	0.25	0.486
7s4s_H_L_A	0.20395833333333338	0.741	0.912
7ks9_H_L_B	0.20056785714285716	0.7	0.79
7m6g_R_S_B	0.19947738095238093	0.0	0.78
7ld1_P_O_A	0.19641168831168834	0.103	0.716
7mzf_H_L_A	0.1916357142857143	0.724	0.807
7q6e_E_F_B	0.1898119047619048	0.0	0.769
7q6e_J_K_C	0.1898119047619048	0.0	0.769
7np1_H_L_A	0.18656785714285715	0.75	0.788
7np1_I_M_B	0.18656785714285715	0.75	0.788
7np1_J_N_C	0.18656785714285715	0.741	0.788
7np1_K_O_D	0.18656785714285715	0.72	0.788
7kfw_C_D_B	0.18479940476190476	0.724	0.821
7e3b_B_C_A	0.18368841991341991	0.0	0.496
7kfv_C_D_B	0.18112083333333334	0.786	0.828
7kfv_F_G_E	0.18112083333333334	0.786	0.828
7dk0_A_B_C	0.16798888888888888	0.079	0.587
7e5y_C_B_A	0.1647666666666667	0.76	0.72
7byr_H_L_B	0.16468333333333332	0.161	0.307
7ps0_B_C_A	0.1523416666666667	0.094	0.485
7n5h_H_L_A	0.1522089285714286	0.081	0.386
7pry_C_D_I	0.14956984126984127	0.069	0.742
7r8o_H_L_B	0.14921547619047618	0.167	0.47
7r8o_M_N_E	0.14921547619047618	0.143	0.47
7chs_H_L_E	0.148646626984127	0.786	0.817
7e7y_A_B_R	0.14772083333333338	0.296	0.566
7e7y_C_D_E	0.14772083333333338	0.222	0.566
7tht_a_c_S	0.14730892857142858	0.079	0.303
7tht_H_L_C	0.14730892857142858	0.105	0.303
7r6x_H_L_R	0.14718095238095238	0.0	0.774
7lrt_D_E_C	0.1462375	0.333	0.774
7lxz_E_D_A	0.14585079365079368	0.125	0.357
7m42_B_A_E	0.1444904761904762	0.138	0.484
7wd9_G_H_C	0.14297500000000002	0.0	0.477
7wk9_a_b_B	0.14297500000000002	0.0	0.477
7wk9_c_d_C	0.14297500000000002	0.0	0.477
7czr_H_K_A	0.14220833333333335	0.76	0.583
7pqz_A_B_E	0.13654978354978356	0.0	0.549
7ljr_S_T_A	0.1363464285714286	0.095	0.508
7akd_D_E_C	0.13564166666666666	0.0	0.335
7q9k_D_E_B	0.13465555555555556	0.031	0.687
7l7e_H_L_S	0.1346446428571429	0.269	0.77
7l7e_I_J_K	0.1346446428571429	0.296	0.77
7kqe_H_L_A	0.13359642857142856	0.0	0.369
7kqe_I_N_B	0.13359642857142856	0.0	0.369
7m7b_H_L_A	0.13359642857142856	0.0	0.369
7ben_D_F_C	0.13234464285714287	0.346	0.756
7ben_H_L_E	0.13234464285714287	0.4	0.756
7ora_H_L_C	0.13234464285714287	0.36	0.756
7cdj_H_L_E	0.13200952380952377	0.111	0.78
7k8s_H_L_A	0.13125654761904765	0.088	0.777
7k8s_M_N_C	0.13125654761904765	0.097	0.777
7k8s_O_P_B	0.13125654761904765	0.103	0.777
7k8t_M_N_B	0.13125654761904765	0.062	0.777
7k8t_O_P_A	0.13125654761904765	0.108	0.777
7dk4_a_b_A	0.13012857142857143	0.364	0.495
7dk4_e_f_C	0.13012857142857143	0.387	0.495
7dk7_c_d_B	0.13012857142857143	0.324	0.495
7mzj_F_E_A	0.12970492424242422	0.56	0.546
7ps6_H_L_E	0.12955	0.031	0.699
7q9f_H_L_A	0.1283626984126984	0.0	0.761
7q9f_J_K_C	0.1283626984126984	0.0	0.761
7lcn_H_L_C	0.12802499999999997	0.0	0.474
7kmg_A_B_C	0.12689761904761904	0.086	0.65
7m3i_H_L_R	0.12521190476190477	0.0	0.503
7beh_H_L_E	0.12371071428571428	0.133	0.475
7nd7_F_G_B	0.12371071428571428	0.167	0.493
7nd7_J_K_C	0.12371071428571428	0.161	0.493
7k9j_I_M_B	0.12307619047619048	0.0	0.288
7k9j_J_N_C	0.12307619047619048	0.0	0.288
7k9k_H_L_A	0.12307619047619048	0.0	0.288
7k9z_H_L_E	0.12260357142857141	0.0	0.703
7ps4_B_C_A	0.1223595238095238	0.0	0.478
7beo_C_D_X	0.12213749999999998	0.36	0.76
7beo_H_L_R	0.12213749999999998	0.346	0.76
7nd9_H_L_B	0.12213749999999998	0.4	0.725
7jx3_C_D_R	0.122125	0.29	0.538
7e3l_D_E_A	0.12210714285714286	0.296	0.76
7bep_A_B_E	0.12073035714285714	0.138	0.727
7nd8_H_L_B	0.12073035714285714	0.138	0.727
7cah_E_D_A	0.1207017857142857	0.0	0.48
7cak_E_D_A	0.1207017857142857	0.0	0.672
7cwn_E_D_B	0.1207017857142857	0.0	0.653
7cwn_H_N_C	0.1207017857142857	0.0	0.653
7e5r_L_H_A	0.1207017857142857	0.0	0.672
7e5s_L_D_B	0.1207017857142857	0.0	0.672
7ps2_A_B_G	0.12048549783549785	0.367	0.758
7czp_H_L_A	0.12047857142857141	0.375	0.376
7k9h_I_M_C	0.12029107142857143	0.067	0.273
7faf_g_f_B	0.11858611111111111	0.0	0.491
7k9z_B_A_E	0.11855	0.259	0.72
7l2c_C_D_B	0.11836249999999998	0.0	0.481
7l2c_H_L_A	0.11836249999999998	0.0	0.481
7s0e_H_L_A	0.11829583333333334	0.0	0.779
7ly0_H_L_A	0.11822169913419914	0.0	0.348
7ly2_G_I_B	0.11822169913419914	0.0	0.348
7rkv_D_H_B	0.11818961038961037	0.0	0.547
7rkv_E_F_A	0.11818961038961037	0.0	0.547
7rkv_G_L_C	0.11818961038961037	0.0	0.547
7f62_H_L_A	0.11795833333333333	0.226	0.521
7ps7_A_B_E	0.11777380952380952	0.033	0.49
7ps7_H_L_R	0.11777380952380952	0.032	0.49
7kzb_H_L_C	0.11705714285714285	0.0	0.76
7v26_a_b_A	0.11512222222222221	0.0	0.453
7v26_c_d_C	0.11512222222222221	0.026	0.453
7djz_A_B_C	0.11318825757575758	0.2	0.745
6w41_H_L_C	0.11294484126984125	0.0	0.695
6xc7_H_L_A	0.11294484126984125	0.0	0.695
7a5s_H_L_A	0.11294484126984125	0.0	0.628
7r8l_C_D_E	0.11294484126984125	0.0	0.695
7msq_H_L_A	0.11044999999999999	0.0	0.683
7w9f_A_B_E	0.11034166666666666	0.308	0.363
7ra8_C_D_B	0.10993690476190475	0.029	0.281
7dpm_A_B_C	0.10950297619047619	0.0	0.772
7dpm_G_H_I	0.10950297619047619	0.0	0.772
7dpm_J_K_L	0.10950297619047619	0.0	0.772
6xdg_B_D_E	0.10845984848484849	0.269	0.775
6xdg_C_A_E	0.10683134920634922	0.0	0.556
7dk2_A_B_C	0.10677916666666666	0.621	0.787
7chc_A_B_R	0.10652023809523811	0.0	0.768
7che_A_B_R	0.10652023809523811	0.0	0.768
7chh_D_E_A	0.10652023809523811	0.0	0.768
7chh_J_K_C	0.10652023809523811	0.0	0.768
7ej5_H_L_A	0.10426666666666666	0.259	0.472
7ej5_J_N_C	0.10426666666666666	0.24	0.472
7czy_H_K_A	0.1028345238095238	0.4	0.506
7mmo_A_B_C	0.10269166666666665	0.028	0.559
7mmo_D_E_F	0.10269166666666665	0.028	0.559
7f7e_C_L_E	0.10235119047619048	0.0	0.759
7lss_H_L_B	0.10173333333333331	0.0	0.261
7mzl_H_L_A	0.10158333333333334	0.548	0.696
7lab_T_S_A	0.10106944444444443	0.0	0.739
7lab_Y_X_B	0.10106944444444443	0.0	0.739
7mzk_N_M_B	0.10091785714285714	0.0	0.697
7tas_H_L_E	0.1006404761904762	0.273	0.335
7tat_H_L_A	0.1006404761904762	0.296	0.335
7kqb_H_L_A	0.10024404761904762	0.139	0.562
7kqb_K_J_C	0.10024404761904762	0.135	0.562
7mf1_H_L_A	0.099975	0.0	0.481
7e8f_C_B_R	0.09942857142857145	0.0	0.768
7bnv_H_L_A	0.0986625	0.029	0.744
7l5b_H_L_A	0.09795746753246753	0.118	0.466
6xkq_H_L_A	0.09734761904761903	0.379	0.461
7e7x_M_N_B	0.0972	0.0	0.475
7k8x_E_G_A	0.09690972222222222	0.062	0.492
7kn3_H_L_A	0.09522916666666667	0.286	0.812
7lq7_P_Q_A	0.09500833333333333	0.048	0.691
7lq7_y_z_E	0.09500833333333333	0.049	0.691
7bel_A_B_R	0.09203769841269843	0.0	0.731
7bel_C_D_X	0.09203769841269843	0.0	0.731
7ora_D_E_C	0.09203769841269843	0.0	0.747
7qnw_A_B_E	0.09154794372294371	0.0	0.686
7nd4_F_G_B	0.0915468253968254	0.37	0.452
7nd4_H_L_C	0.0915468253968254	0.357	0.452
6wps_C_D_B	0.09091861471861473	0.0	0.357
6wpt_D_E_A	0.09091861471861473	0.0	0.357
7bep_H_L_E	0.09091861471861473	0.0	0.762
7jx3_A_B_R	0.09091861471861473	0.0	0.765
7l0n_C_D_S	0.09091861471861473	0.0	0.765
7tly_A_B_I	0.09091861471861473	0.0	0.572
7tn0_B_A_I	0.09091861471861473	0.0	0.765
7tn0_C_D_S	0.09091861471861473	0.0	0.765
7eam_C_D_B	0.09070357142857144	0.0	0.461
7e8c_H_L_A	0.09014583333333333	0.0	0.544
7e8f_H_L_A	0.09014583333333333	0.0	0.544
7qny_A_B_E	0.08887175324675324	0.0	0.543
7n8i_H_L_A	0.08808174603174604	0.0	0.348
7so9_C_B_A	0.08808174603174604	0.0	0.348
7soa_H_L_A	0.08808174603174604	0.0	0.348
7tm0_I_H_A	0.08808174603174604	0.0	0.35
7cwt_E_D_A	0.08733333333333333	0.057	0.401
7cyh_E_D_A	0.08733333333333333	0.061	0.398
7e5s_R_O_A	0.08733333333333333	0.065	0.599
7cwn_G_F_A	0.08687738095238094	0.094	0.767
7e5r_M_U_A	0.08687738095238094	0.065	0.381
7e5r_T_V_B	0.08687738095238094	0.067	0.381
7e5s_I_K_B	0.08687738095238094	0.114	0.381
7k90_M_N_A	0.08660277777777776	0.133	0.563
7cwt_P_M_C	0.08648769841269842	0.0	0.277
7cwu_N_G_B	0.08648769841269842	0.0	0.277
7cwu_P_I_C	0.08648769841269842	0.0	0.277
7e5r_X_S_C	0.08648769841269842	0.0	0.277
7e5s_U_Q_B	0.08648769841269842	0.0	0.277
7czt_H_L_A	0.08620357142857143	0.533	0.418
7mzj_H_L_A	0.08471904761904761	0.0	0.742
7lxw_H_L_A	0.08370416666666666	0.0	0.339
6zdg_B_C_A	0.08218531746031746	0.0	0.78
6zdh_D_F_B	0.08218531746031746	0.0	0.78
6zdh_G_I_C	0.08218531746031746	0.0	0.78
6zfo_B_C_A	0.08218531746031746	0.0	0.78
7nx9_H_L_E	0.08218531746031746	0.0	0.78
7nxa_H_L_E	0.08218531746031746	0.0	0.78
7nxb_H_L_E	0.08218531746031746	0.0	0.78
7qnw_H_L_E	0.08218531746031746	0.0	0.78
7wcz_a_b_A	0.08210238095238093	0.192	0.473
7wd7_a_b_A	0.08210238095238093	0.25	0.473
7prz_H_L_E	0.081125	0.433	0.747
7cm4_H_L_A	0.07340416666666667	0.25	0.354
7l7e_C_D_b	0.055131944444444435	0.0	0.742
7l7e_E_F_G	0.055131944444444435	0.0	0.742
7ben_G_I_C	0.04796190476190476	0.0	0.748
7orb_E_F_X	0.04796190476190476	0.027	0.748
