abname	sesascore	episim	absim
6w41_H_L_C	0.6371948412698413	0.593	0.681
6xc7_H_L_A	0.6371948412698413	0.75	0.681
7a5s_H_L_A	0.6371948412698413	0.414	0.616
7r8l_C_D_E	0.6371948412698413	0.64	0.681
6zdg_B_C_A	0.6153488095238095	0.875	1.0
6zdh_D_F_B	0.6153488095238095	0.917	1.0
6zdh_G_I_C	0.6153488095238095	0.808	1.0
6zfo_B_C_A	0.6153488095238095	1.0	1.0
7nx9_H_L_E	0.6153488095238095	0.72	1.0
7nxa_H_L_E	0.6153488095238095	0.792	1.0
7nxb_H_L_E	0.6153488095238095	0.792	1.0
7qnw_H_L_E	0.6153488095238095	0.571	1.0
7r6x_H_L_R	0.4686132936507936	0.792	0.854
7czy_H_K_A	0.2321	0.0	0.504
7faf_g_f_B	0.2086	0.0	0.503
7mzk_N_M_B	0.2063922619047619	0.0	0.698
7pqy_B_C_A	0.20283333333333334	0.0	0.831
7pqz_H_L_E	0.20283333333333334	0.0	0.831
7q0g_H_L_E	0.20283333333333334	0.0	0.831
7kmk_I_M_B	0.20052023809523808	0.0	0.833
7kxk_I_M_B	0.20052023809523808	0.0	0.833
7wcz_a_b_A	0.19984067460317462	0.0	0.461
7wd7_a_b_A	0.19984067460317462	0.0	0.461
7q6e_E_F_B	0.18923452380952382	0.0	0.699
7q6e_J_K_C	0.18923452380952382	0.0	0.699
7bel_A_B_R	0.18857126623376627	0.023	0.843
7bel_C_D_X	0.18857126623376627	0.024	0.843
7ora_D_E_C	0.18857126623376627	0.023	0.867
6xdg_B_D_E	0.18485952380952378	0.0	0.835
7cwn_G_F_A	0.18455000000000002	0.0	0.88
7e5r_M_U_A	0.18455000000000002	0.0	0.47
7e5r_T_V_B	0.18455000000000002	0.0	0.47
7e5s_I_K_B	0.18455000000000002	0.0	0.47
7ra8_C_D_B	0.18437500000000004	0.167	0.278
7ld1_P_O_A	0.18270416666666664	0.265	0.688
6xcn_B_D_A	0.18156666666666665	0.0	0.561
6xcn_H_L_C	0.18156666666666665	0.0	0.561
7e8c_H_L_A	0.17978333333333335	0.0	0.53
7e8f_H_L_A	0.17978333333333335	0.0	0.53
7kqb_H_L_A	0.17765952380952382	0.0	0.6
7kqb_K_J_C	0.17765952380952382	0.0	0.6
7sc1_M_N_B	0.170975	0.0	0.831
6xc4_H_L_A	0.16850000000000004	0.0	0.78
6xc4_X_Y_Z	0.16850000000000004	0.0	0.78
6xc7_C_D_A	0.16850000000000004	0.0	0.78
7c01_C_D_B	0.16808611111111113	0.0	0.86
7e3l_D_E_A	0.16634285714285715	0.0	0.667
7prz_H_L_E	0.1656001984126984	0.0	0.798
7kfv_C_D_B	0.16455000000000003	0.0	0.864
7kfv_F_G_E	0.16455000000000003	0.0	0.864
7ks9_H_L_B	0.16434166666666666	0.0	0.848
7mzj_H_L_A	0.16326904761904762	0.0	0.818
7k9z_B_A_E	0.16154285714285718	0.0	0.688
7dk0_A_B_C	0.16134722222222223	0.0	0.537
7czt_H_L_A	0.16105454545454545	0.0	0.442
7dpm_A_B_C	0.1605452380952381	0.226	0.832
7dpm_G_H_I	0.1605452380952381	0.233	0.832
7dpm_J_K_L	0.1605452380952381	0.233	0.832
7k8s_H_L_A	0.15874226190476187	0.0	0.916
7k8s_M_N_C	0.15874226190476187	0.0	0.916
7k8s_O_P_B	0.15874226190476187	0.0	0.916
7k8t_M_N_B	0.15874226190476187	0.0	0.916
7k8t_O_P_A	0.15874226190476187	0.0	0.916
7n5h_H_L_A	0.15810436507936507	0.379	0.302
7tht_a_c_S	0.15733849206349204	0.0	0.357
7tht_H_L_C	0.15733849206349204	0.0	0.357
7lab_T_S_A	0.15641666666666668	0.0	0.655
7lab_Y_X_B	0.15641666666666668	0.0	0.655
7k9z_H_L_E	0.15632500000000002	0.0	0.752
7sn3_F_G_B	0.15559166666666663	0.357	0.724
7sn3_H_L_C	0.15559166666666663	0.321	0.724
7kn3_H_L_A	0.1553845238095238	0.0	0.78
7rkv_D_H_B	0.1551255230880231	0.533	0.571
7rkv_E_F_A	0.1551255230880231	0.586	0.571
7rkv_G_L_C	0.1551255230880231	0.552	0.571
7m3i_H_L_R	0.15468035714285716	0.429	0.482
7djz_A_B_C	0.1544861111111111	0.0	0.689
7cdj_H_L_E	0.15444188311688312	0.0	0.834
7k8m_A_B_E	0.1544202380952381	0.0	0.788
7ps4_B_C_A	0.1540839285714286	0.0	0.488
7byr_H_L_B	0.154025	0.0	0.337
7e86_A_B_C	0.1532261904761905	0.0	0.86
7bem_H_L_E	0.1530845238095238	0.0	0.43
7cwt_E_D_A	0.15221565656565655	0.0	0.365
7cyh_E_D_A	0.15221565656565655	0.0	0.365
7e5s_R_O_A	0.15221565656565655	0.0	0.556
7cah_E_D_A	0.15172224025974027	0.29	0.474
7cak_E_D_A	0.15172224025974027	0.281	0.662
7cwn_E_D_B	0.15172224025974027	0.387	0.639
7cwn_H_N_C	0.15172224025974027	0.387	0.639
7e5r_L_H_A	0.15172224025974027	0.286	0.662
7e5s_L_D_B	0.15172224025974027	0.414	0.662
7e7x_M_N_B	0.15160119047619047	0.0	0.478
7s4s_H_L_A	0.1513861111111111	0.0	0.767
7lrt_D_E_C	0.15001984126984128	0.0	0.681
7cdi_H_L_E	0.14821666666666666	0.0	0.776
7l7e_H_L_S	0.14779484126984124	0.0	0.67
7l7e_I_J_K	0.14779484126984124	0.0	0.67
7f62_H_L_A	0.14762142857142857	0.0	0.519
7q9f_H_L_A	0.1473448412698413	0.0	0.681
7q9f_J_K_C	0.1473448412698413	0.0	0.681
7ben_D_F_C	0.14569130591630594	0.0	0.684
7ben_H_L_E	0.14569130591630594	0.0	0.684
7ora_H_L_C	0.14569130591630594	0.0	0.684
7q9g_E_F_B	0.14533452380952383	0.0	0.367
7np1_H_L_A	0.14478214285714286	0.0	0.853
7np1_I_M_B	0.14478214285714286	0.0	0.853
7np1_J_N_C	0.14478214285714286	0.0	0.853
7np1_K_O_D	0.14478214285714286	0.0	0.853
7mf1_H_L_A	0.14434285714285713	0.0	0.488
7jmo_H_L_A	0.1430722222222222	0.0	0.775
7bej_H_L_E	0.1428875	0.0	0.831
7bek_H_L_E	0.1428875	0.0	0.831
7nd6_H_L_B	0.1428875	0.0	0.831
7beo_C_D_X	0.14261630591630595	0.0	0.684
7beo_H_L_R	0.14261630591630595	0.0	0.684
7nd9_H_L_B	0.14261630591630595	0.0	0.652
7e5y_C_B_A	0.14259107142857141	0.0	0.712
7msq_H_L_A	0.14154166666666665	0.258	0.714
7s0e_H_L_A	0.14128333333333332	0.0	0.855
7kfw_C_D_B	0.1403138888888889	0.0	0.857
7ps0_B_C_A	0.13962301587301587	0.0	0.48
7ben_G_I_C	0.13952499999999998	0.0	0.844
7orb_E_F_X	0.13952499999999998	0.0	0.844
7n8i_H_L_A	0.13937857142857143	0.0	0.412
7so9_C_B_A	0.13937857142857143	0.0	0.411
7soa_H_L_A	0.13937857142857143	0.0	0.411
7tm0_I_H_A	0.13937857142857143	0.0	0.414
7chc_A_B_R	0.13914285714285712	0.0	0.752
7che_A_B_R	0.13914285714285712	0.0	0.752
7chh_D_E_A	0.13914285714285712	0.0	0.752
7chh_J_K_C	0.13914285714285712	0.0	0.752
7e8f_C_B_R	0.1376011904761905	0.0	0.752
7n3i_H_L_C	0.13538333333333333	0.0	0.783
6wps_C_D_B	0.13500674603174606	0.0	0.301
6wpt_D_E_A	0.13500674603174606	0.0	0.301
7bep_H_L_E	0.13500674603174606	0.0	0.686
7jx3_A_B_R	0.13500674603174606	0.0	0.683
7l0n_C_D_S	0.13500674603174606	0.0	0.683
7tly_A_B_I	0.13500674603174606	0.0	0.505
7tn0_B_A_I	0.13500674603174606	0.0	0.683
7tn0_C_D_S	0.13500674603174606	0.0	0.683
7dk4_a_b_A	0.13485952380952382	0.0	0.48
7dk4_e_f_C	0.13485952380952382	0.0	0.48
7dk7_c_d_B	0.13485952380952382	0.0	0.48
7czr_H_K_A	0.13415119047619048	0.0	0.594
7e3b_B_C_A	0.13414801587301586	0.0	0.506
7akd_D_E_C	0.1339904761904762	0.0	0.287
7l5b_H_L_A	0.13396843434343436	0.0	0.473
7l7e_C_D_b	0.13304761904761903	0.0	0.757
7l7e_E_F_G	0.13304761904761903	0.0	0.757
7m42_B_A_E	0.13302938311688312	0.0	0.492
7l2c_C_D_B	0.13283749999999997	0.0	0.487
7l2c_H_L_A	0.13283749999999997	0.0	0.487
7dcx_A_F_C	0.13249166666666667	0.243	0.486
7dcx_E_H_K	0.13249166666666667	0.279	0.486
7bnv_H_L_A	0.13244305555555552	0.0	0.67
7pry_C_D_I	0.1324113095238095	0.0	0.668
7jx3_C_D_R	0.13239761904761907	0.0	0.53
7dk2_A_B_C	0.13218611111111112	0.0	0.864
7kmg_A_B_C	0.13173690476190478	0.0	0.709
7ch5_H_L_R	0.13158472222222223	0.0	0.783
7mzj_F_E_A	0.13140000000000004	0.0	0.562
7wd9_G_H_C	0.13109880952380953	0.0	0.477
7wk9_a_b_B	0.13109880952380953	0.0	0.477
7wk9_c_d_C	0.13109880952380953	0.0	0.477
7chs_H_L_E	0.13094880952380952	0.0	0.845
6xc2_H_L_A	0.13018690476190478	0.0	0.848
6xc3_B_A_C	0.13018690476190478	0.0	0.848
7r8l_H_L_E	0.13002857142857144	0.0	0.751
7e88_A_B_C	0.12946666666666667	0.0	0.829
7e88_D_E_F	0.12946666666666667	0.0	0.829
7e88_G_H_I	0.12946666666666667	0.0	0.829
7mzf_H_L_A	0.12937202380952384	0.0	0.843
7qnw_A_B_E	0.12844179292929292	0.0	0.711
7bep_A_B_E	0.12756190476190477	0.0	0.786
7nd8_H_L_B	0.12756190476190477	0.0	0.786
7r8o_H_L_B	0.12688035714285714	0.0	0.458
7r8o_M_N_E	0.12688035714285714	0.0	0.458
7m6g_R_S_B	0.12684285714285715	0.0	0.679
7v26_a_b_A	0.12551071428571428	0.0	0.463
7v26_c_d_C	0.12551071428571428	0.0	0.463
7e7y_A_B_R	0.12471428571428572	0.0	0.546
7e7y_C_D_E	0.12471428571428572	0.0	0.546
6xdg_C_A_E	0.12459604978354977	0.0	0.589
7lcn_H_L_C	0.12440000000000001	0.0	0.472
7lq7_P_Q_A	0.12432619047619047	0.467	0.736
7lq7_y_z_E	0.12432619047619047	0.483	0.736
7ps7_A_B_E	0.12396666666666667	0.0	0.477
7ps7_H_L_R	0.12396666666666667	0.0	0.477
7mzl_H_L_A	0.12373452380952381	0.0	0.644
7mmo_A_B_C	0.12331468253968253	0.0	0.57
7mmo_D_E_F	0.12331468253968253	0.0	0.57
7pqz_A_B_E	0.12189404761904761	0.0	0.593
7ly0_H_L_A	0.1215633658008658	0.0	0.361
7ly2_G_I_B	0.1215633658008658	0.0	0.361
7cm4_H_L_A	0.12137261904761903	0.0	0.358
7qny_A_B_E	0.12135984848484847	0.0	0.527
7ps2_A_B_G	0.12067857142857141	0.0	0.777
7q9k_D_E_B	0.1199	0.0	0.749
7k8x_E_G_A	0.11894444444444444	0.0	0.489
7cwt_P_M_C	0.11864583333333331	0.0	0.274
7cwu_N_G_B	0.11864583333333331	0.0	0.274
7cwu_P_I_C	0.11864583333333331	0.0	0.274
7e5r_X_S_C	0.11864583333333331	0.0	0.274
7e5s_U_Q_B	0.11864583333333331	0.0	0.274
7kzb_H_L_C	0.11851904761904762	0.5	0.827
7ljr_S_T_A	0.11836666666666666	0.0	0.475
7lxw_H_L_A	0.11826904761904761	0.0	0.343
7czp_H_L_A	0.11795119047619046	0.0	0.375
7m6d_H_L_C	0.11781904761904763	0.0	0.767
7nd4_F_G_B	0.11716210317460318	0.0	0.464
7nd4_H_L_C	0.11716210317460318	0.0	0.464
7lxz_E_D_A	0.1149375	0.0	0.298
6xkq_H_L_A	0.11479583333333333	0.0	0.454
7beh_H_L_E	0.11431904761904763	0.0	0.468
7nd7_F_G_B	0.11431904761904763	0.0	0.486
7nd7_J_K_C	0.11431904761904763	0.0	0.486
7k9j_I_M_B	0.11378968253968255	0.0	0.275
7k9j_J_N_C	0.11378968253968255	0.0	0.275
7k9k_H_L_A	0.11378968253968255	0.0	0.275
7lss_H_L_B	0.1131607142857143	0.0	0.27
7chf_H_L_R	0.10765000000000001	0.0	0.835
7e8c_D_E_C	0.10765000000000001	0.0	0.833
7e8c_O_Q_A	0.10765000000000001	0.0	0.833
7e8f_D_E_R	0.10765000000000001	0.0	0.835
7tas_H_L_E	0.10762202380952379	0.0	0.344
7tat_H_L_A	0.10762202380952379	0.0	0.344
7kqe_H_L_A	0.10674087301587304	0.393	0.361
7kqe_I_N_B	0.10674087301587304	0.429	0.361
7m7b_H_L_A	0.10674087301587304	0.321	0.361
7ps6_H_L_E	0.10123333333333333	0.0	0.754
7f7e_C_L_E	0.09903154761904762	0.0	0.815
7k90_M_N_A	0.09322222222222223	0.0	0.56
7w9f_A_B_E	0.08812916666666666	0.0	0.36
7ej5_H_L_A	0.08495535714285714	0.0	0.462
7ej5_J_N_C	0.08495535714285714	0.0	0.462
7eam_C_D_B	0.08022083333333332	0.0	0.481
7k9h_I_M_C	0.07535416666666667	0.0	0.258
