abname	sesascore	episim	absim
7beh_H_L_E	0.29002083333333334	1.0	1.0
7nd7_F_G_B	0.29002083333333334	0.923	0.945
7nd7_J_K_C	0.29002083333333334	0.857	0.945
7ps4_B_C_A	0.2809184523809524	0.19	0.682
7lrt_D_E_C	0.26811309523809523	0.294	0.502
7k8s_H_L_A	0.26456111111111114	0.588	0.468
7k8s_M_N_C	0.26456111111111114	0.6	0.468
7k8s_O_P_B	0.26456111111111114	0.692	0.468
7k8t_M_N_B	0.26456111111111114	0.412	0.468
7k8t_O_P_A	0.26456111111111114	0.476	0.468
7chc_A_B_R	0.2586305555555556	0.211	0.455
7che_A_B_R	0.2586305555555556	0.222	0.455
7chh_D_E_A	0.2586305555555556	0.278	0.455
7chh_J_K_C	0.2586305555555556	0.263	0.455
7ps0_B_C_A	0.25730555555555557	0.25	0.657
7e8f_C_B_R	0.2516305555555556	0.211	0.453
7beo_C_D_X	0.2429440476190476	0.263	0.5
7beo_H_L_R	0.2429440476190476	0.25	0.5
7nd9_H_L_B	0.2429440476190476	0.316	0.54
7ben_D_F_C	0.24154404761904757	0.25	0.498
7ben_H_L_E	0.24154404761904757	0.316	0.498
7ora_H_L_C	0.24154404761904757	0.263	0.498
7l7e_H_L_S	0.23461309523809526	0.353	0.489
7l7e_I_J_K	0.23461309523809526	0.389	0.489
7k9h_I_M_C	0.20351244588744588	0.571	0.24
7e3l_D_E_A	0.20172261904761904	0.316	0.486
7cwt_P_M_C	0.19600952380952377	0.0	0.332
7cwu_N_G_B	0.19600952380952377	0.0	0.332
7cwu_P_I_C	0.19600952380952377	0.0	0.332
7e5r_X_S_C	0.19600952380952377	0.0	0.332
7e5s_U_Q_B	0.19600952380952377	0.0	0.332
7lcn_H_L_C	0.18507738095238094	0.0	0.787
7tht_a_c_S	0.1837636904761905	0.55	0.31
7tht_H_L_C	0.1837636904761905	0.6	0.31
7lxz_E_D_A	0.1826702380952381	0.733	0.344
7e7y_A_B_R	0.18123452380952382	0.316	0.672
7e7y_C_D_E	0.18123452380952382	0.278	0.672
6xcn_B_D_A	0.1772452380952381	0.074	0.728
6xcn_H_L_C	0.1772452380952381	0.074	0.728
7q6e_E_F_B	0.17260000000000003	0.0	0.501
7q6e_J_K_C	0.17260000000000003	0.0	0.501
7wcz_a_b_A	0.16805297619047618	0.235	0.4
7wd7_a_b_A	0.16805297619047618	0.176	0.4
7kmk_I_M_B	0.16622738095238096	0.381	0.479
7kxk_I_M_B	0.16622738095238096	0.5	0.479
7m42_B_A_E	0.16537500000000002	0.917	0.813
7sn3_F_G_B	0.16476388888888888	0.0	0.45
7sn3_H_L_C	0.16476388888888888	0.0	0.45
7w9f_A_B_E	0.1644035714285714	0.2	0.335
7kqe_H_L_A	0.1622785714285714	0.0	0.483
7kqe_I_N_B	0.1622785714285714	0.0	0.483
7m7b_H_L_A	0.1622785714285714	0.0	0.483
7jx3_C_D_R	0.1609232142857143	0.2	0.638
7akd_D_E_C	0.15910357142857146	0.0	0.245
7msq_H_L_A	0.15535000000000002	0.0	0.453
7dpm_A_B_C	0.15092083333333334	0.0	0.458
7dpm_G_H_I	0.15092083333333334	0.0	0.458
7dpm_J_K_L	0.15092083333333334	0.0	0.458
7czp_H_L_A	0.15035357142857142	0.259	0.515
7cwn_G_F_A	0.14973531746031746	0.562	0.461
7e5r_M_U_A	0.14973531746031746	0.438	0.277
7e5r_T_V_B	0.14973531746031746	0.467	0.277
7e5s_I_K_B	0.14973531746031746	0.526	0.277
7cah_E_D_A	0.14842272727272726	0.0	0.447
7cak_E_D_A	0.14842272727272726	0.0	0.484
7cwn_E_D_B	0.14842272727272726	0.0	0.471
7cwn_H_N_C	0.14842272727272726	0.0	0.471
7e5r_L_H_A	0.14842272727272726	0.0	0.484
7e5s_L_D_B	0.14842272727272726	0.0	0.484
7k90_M_N_A	0.14544702380952382	0.846	0.693
7v26_a_b_A	0.14489404761904762	0.0	0.647
7v26_c_d_C	0.14489404761904762	0.036	0.647
7kmg_A_B_C	0.14471666666666666	0.647	0.48
7faf_g_f_B	0.14414999999999997	0.13	0.427
7ej5_H_L_A	0.14409047619047619	0.143	0.382
7ej5_J_N_C	0.14409047619047619	0.105	0.382
7cdj_H_L_E	0.1429166666666667	0.579	0.47
7cwt_E_D_A	0.14289801587301587	0.038	0.26
7cyh_E_D_A	0.14289801587301587	0.042	0.26
7e5s_R_O_A	0.14289801587301587	0.045	0.429
7lss_H_L_B	0.14266190476190477	0.0	0.296
7e7x_M_N_B	0.14239642857142856	0.0	0.754
7pry_C_D_I	0.14238333333333333	0.05	0.45
7bep_A_B_E	0.1400833333333333	0.533	0.502
7nd8_H_L_B	0.1400833333333333	0.533	0.502
7s0e_H_L_A	0.13938571428571428	0.0	0.472
7ljr_S_T_A	0.13921547619047622	0.44	0.409
7m3i_H_L_R	0.13913154761904767	0.0	0.619
7qnw_A_B_E	0.13831507936507936	0.0	0.447
7s4s_H_L_A	0.1369702380952381	0.156	0.457
7dk0_A_B_C	0.13563571428571428	0.476	0.649
7cm4_H_L_A	0.13545773809523812	0.579	0.458
6xkq_H_L_A	0.13513928571428574	0.304	0.748
7e8c_H_L_A	0.13505804473304475	0.0	0.615
7e8f_H_L_A	0.13505804473304475	0.0	0.615
7ps7_A_B_E	0.13501507936507934	0.05	0.622
7ps7_H_L_R	0.13501507936507934	0.1	0.622
7mmo_A_B_C	0.13433214285714284	0.0	0.472
7mmo_D_E_F	0.13433214285714284	0.0	0.472
7r6x_H_L_R	0.13320357142857142	0.0	0.468
6xdg_B_D_E	0.13242261904761907	0.438	0.476
7k8x_E_G_A	0.13234166666666666	0.6	0.819
7l5b_H_L_A	0.13102808441558442	0.556	0.778
7rkv_D_H_B	0.13099801587301588	0.0	0.609
7rkv_E_F_A	0.13099801587301588	0.0	0.609
7rkv_G_L_C	0.13099801587301588	0.0	0.609
6zdg_B_C_A	0.1295531746031746	0.0	0.468
6zdh_D_F_B	0.1295531746031746	0.0	0.468
6zdh_G_I_C	0.1295531746031746	0.0	0.468
6zfo_B_C_A	0.1295531746031746	0.0	0.468
7nx9_H_L_E	0.1295531746031746	0.0	0.468
7nxa_H_L_E	0.1295531746031746	0.0	0.468
7nxb_H_L_E	0.1295531746031746	0.0	0.468
7qnw_H_L_E	0.1295531746031746	0.0	0.468
7n8i_H_L_A	0.129225	0.0	0.261
7so9_C_B_A	0.129225	0.0	0.263
7soa_H_L_A	0.129225	0.0	0.263
7tm0_I_H_A	0.129225	0.0	0.264
7n5h_H_L_A	0.1284625	0.0	0.254
7e86_A_B_C	0.12795277777777778	0.25	0.461
7e3b_B_C_A	0.1263452380952381	0.071	0.363
7mzk_N_M_B	0.1255654761904762	0.0	0.54
6xdg_C_A_E	0.12548333333333334	0.05	0.711
7ps6_H_L_E	0.12535	0.0	0.458
7kqb_H_L_A	0.12512857142857142	0.632	0.382
7kqb_K_J_C	0.12512857142857142	0.6	0.382
7lab_T_S_A	0.12380357142857144	0.0	0.494
7lab_Y_X_B	0.12380357142857144	0.0	0.494
7r8o_H_L_B	0.12362925824175824	0.524	0.676
7r8o_M_N_E	0.12362925824175824	0.5	0.676
7nd4_F_G_B	0.12356845238095239	0.286	0.666
7nd4_H_L_C	0.12356845238095239	0.333	0.666
7n3i_H_L_C	0.12346309523809523	0.156	0.455
7pqy_B_C_A	0.1233845238095238	0.241	0.462
7pqz_H_L_E	0.1233845238095238	0.241	0.462
7q0g_H_L_E	0.1233845238095238	0.25	0.462
7djz_A_B_C	0.12325357142857142	0.6	0.508
7m6d_H_L_C	0.12310873015873017	0.172	0.455
7k9j_I_M_B	0.12258333333333332	0.0	0.287
7k9j_J_N_C	0.12258333333333332	0.0	0.287
7k9k_H_L_A	0.12258333333333332	0.0	0.287
7jmo_H_L_A	0.12218373015873014	0.176	0.451
7bnv_H_L_A	0.12150833333333332	0.0	0.481
7ben_G_I_C	0.12128333333333334	0.227	0.462
7orb_E_F_X	0.12128333333333334	0.167	0.462
7c01_C_D_B	0.12111666666666668	0.147	0.468
7m6g_R_S_B	0.12050357142857143	0.238	0.518
7k9z_H_L_E	0.11855595238095239	0.2	0.527
7byr_H_L_B	0.11853968253968254	0.529	0.298
7k8m_A_B_E	0.11834047619047619	0.129	0.461
7l2c_C_D_B	0.11774642857142857	0.0	0.8
7l2c_H_L_A	0.11774642857142857	0.0	0.8
7kn3_H_L_A	0.11774294871794871	0.458	0.468
7cdi_H_L_E	0.11752261904761906	0.161	0.456
6xc4_H_L_A	0.11717500000000002	0.129	0.475
6xc4_X_Y_Z	0.11717500000000002	0.167	0.475
6xc7_C_D_A	0.11717500000000002	0.133	0.475
7l7e_C_D_b	0.11678214285714286	0.273	0.467
7l7e_E_F_G	0.11678214285714286	0.217	0.467
7bem_H_L_E	0.11663333333333334	0.167	0.301
7q9k_D_E_B	0.11536666666666666	0.0	0.55
7e5y_C_B_A	0.1151202380952381	0.172	0.493
7mzl_H_L_A	0.11494821428571429	0.357	0.445
7czy_H_K_A	0.114725	0.316	0.423
7mzj_H_L_A	0.114675	0.133	0.465
7mf1_H_L_A	0.1146190476190476	0.286	0.733
7mzj_F_E_A	0.11455595238095241	0.208	0.641
7ps2_A_B_G	0.11420555555555555	0.292	0.463
7chs_H_L_E	0.114015873015873	0.143	0.464
7wd9_G_H_C	0.1132	0.0	0.401
7wk9_a_b_B	0.1132	0.0	0.401
7wk9_c_d_C	0.1132	0.0	0.401
7kfv_C_D_B	0.11291666666666665	0.176	0.472
7kfv_F_G_E	0.11291666666666665	0.176	0.472
7lxw_H_L_A	0.11131547619047619	0.0	0.257
7bel_A_B_R	0.11083630952380952	0.0	0.478
7bel_C_D_X	0.11083630952380952	0.0	0.478
7ora_D_E_C	0.11083630952380952	0.0	0.459
7e88_A_B_C	0.11073690476190476	0.1	0.46
7e88_D_E_F	0.11073690476190476	0.133	0.46
7e88_G_H_I	0.11073690476190476	0.097	0.46
7pqz_A_B_E	0.11036666666666667	0.0	0.649
6xc2_H_L_A	0.11024047619047618	0.158	0.464
6xc3_B_A_C	0.11024047619047618	0.139	0.464
7mzf_H_L_A	0.11017777777777778	0.111	0.47
7f62_H_L_A	0.10982738095238097	0.217	0.366
7qny_A_B_E	0.10974294871794872	0.111	0.628
7np1_H_L_A	0.108775	0.185	0.468
7np1_I_M_B	0.108775	0.143	0.468
7np1_J_N_C	0.108775	0.156	0.468
7np1_K_O_D	0.108775	0.179	0.468
7tas_H_L_E	0.10822500000000003	0.524	0.294
7tat_H_L_A	0.10822500000000003	0.389	0.294
7k9z_B_A_E	0.1074559829059829	0.333	0.539
7f7e_C_L_E	0.10705654761904763	0.0	0.453
7czt_H_L_A	0.10523154761904761	0.2	0.477
7lq7_P_Q_A	0.10466369047619047	0.0	0.535
7lq7_y_z_E	0.10466369047619047	0.0	0.535
7r8l_H_L_E	0.10375476190476189	0.156	0.44
7eam_C_D_B	0.10368095238095237	0.0	0.402
7ch5_H_L_R	0.10336111111111111	0.156	0.455
7ld1_P_O_A	0.10333333333333333	0.0	0.512
7dk2_A_B_C	0.10269999999999999	0.233	0.459
7kzb_H_L_C	0.10131964285714287	0.0	0.465
6w41_H_L_C	0.10117857142857145	0.0	0.483
6xc7_H_L_A	0.10117857142857145	0.0	0.483
7a5s_H_L_A	0.10117857142857145	0.0	0.464
7r8l_C_D_E	0.10117857142857145	0.0	0.483
7prz_H_L_E	0.10083177655677657	0.222	0.45
7ra8_C_D_B	0.10053511904761905	0.0	0.343
7q9f_H_L_A	0.09644206349206348	0.0	0.502
7q9f_J_K_C	0.09644206349206348	0.0	0.502
7sc1_M_N_B	0.08948968253968255	0.207	0.461
7kfw_C_D_B	0.08690833333333334	0.212	0.469
6wps_C_D_B	0.08686190476190477	0.0	0.324
6wpt_D_E_A	0.08686190476190477	0.0	0.324
7bep_H_L_E	0.08686190476190477	0.0	0.525
7jx3_A_B_R	0.08686190476190477	0.0	0.522
7l0n_C_D_S	0.08686190476190477	0.0	0.522
7tly_A_B_I	0.08686190476190477	0.0	0.367
7tn0_B_A_I	0.08686190476190477	0.0	0.522
7tn0_C_D_S	0.08686190476190477	0.0	0.522
7ks9_H_L_B	0.08638611111111112	0.171	0.468
7ly0_H_L_A	0.08537261904761904	0.0	0.27
7ly2_G_I_B	0.08537261904761904	0.0	0.27
7bej_H_L_E	0.08495833333333333	0.1	0.457
7bek_H_L_E	0.08495833333333333	0.103	0.457
7nd6_H_L_B	0.08495833333333333	0.103	0.457
7czr_H_K_A	0.08430595238095238	0.172	0.377
7dcx_A_F_C	0.07971666666666667	0.0	0.375
7dcx_E_H_K	0.07971666666666667	0.047	0.375
7chf_H_L_R	0.07368333333333332	0.135	0.462
7e8c_D_E_C	0.07368333333333332	0.156	0.46
7e8c_O_Q_A	0.07368333333333332	0.188	0.46
7e8f_D_E_R	0.07368333333333332	0.147	0.462
7dk4_a_b_A	0.06530833333333333	0.4	0.369
7dk4_e_f_C	0.06530833333333333	0.5	0.369
7dk7_c_d_B	0.06530833333333333	0.444	0.369
7q9g_E_F_B	0.058833333333333335	0.0	0.255
