abname	sesascore	episim	absim
7sc1_M_N_B	0.4944418650793651	0.618	0.876
6xc2_H_L_A	0.44180714285714284	0.829	0.923
6xc3_B_A_C	0.44180714285714284	0.794	0.923
7chf_H_L_R	0.3726353174603174	0.771	0.916
7e8c_D_E_C	0.3726353174603174	0.676	0.906
7e8c_O_Q_A	0.3726353174603174	0.706	0.906
7e8f_D_E_R	0.3726353174603174	0.788	0.908
7q9g_E_F_B	0.37060238095238096	0.0	0.385
7bem_H_L_E	0.370484126984127	0.824	0.466
7kfw_C_D_B	0.3563607142857143	0.714	0.874
7kfv_C_D_B	0.34965654761904774	0.765	0.878
7kfv_F_G_E	0.34965654761904774	0.765	0.878
7cdi_H_L_E	0.3464111111111111	0.647	0.802
7pqy_B_C_A	0.33861865079365083	0.6	0.847
7pqz_H_L_E	0.33861865079365083	0.556	0.847
7q0g_H_L_E	0.33861865079365083	0.528	0.847
7bej_H_L_E	0.33461958874458875	1.0	1.0
7bek_H_L_E	0.33461958874458875	0.969	1.0
7nd6_H_L_B	0.33461958874458875	0.969	1.0
7e86_A_B_C	0.3248924603174603	0.667	0.873
7r8l_H_L_E	0.31798750000000003	0.676	0.784
6xc4_H_L_A	0.3148242063492062	0.719	0.803
6xc4_X_Y_Z	0.3148242063492062	0.667	0.803
6xc7_C_D_A	0.3148242063492062	0.688	0.803
7c01_C_D_B	0.2956031746031746	0.735	0.854
7n3i_H_L_C	0.2901619047619048	0.727	0.802
7jmo_H_L_A	0.2898667582417582	0.765	0.808
7k8m_A_B_E	0.2650718253968254	0.719	0.8
7np1_H_L_A	0.25532162698412697	0.576	0.846
7np1_I_M_B	0.25532162698412697	0.576	0.846
7np1_J_N_C	0.25532162698412697	0.676	0.846
7np1_K_O_D	0.25532162698412697	0.606	0.846
7kmk_I_M_B	0.24904464285714287	0.324	0.819
7kxk_I_M_B	0.24904464285714287	0.27	0.819
7m6d_H_L_C	0.24162976190476193	0.636	0.797
7ch5_H_L_R	0.24042063492063492	0.676	0.802
6xcn_B_D_A	0.23368928571428574	0.531	0.557
6xcn_H_L_C	0.23368928571428574	0.531	0.557
7dk2_A_B_C	0.23128968253968252	0.629	0.838
7s4s_H_L_A	0.2266988095238095	0.727	0.793
7ks9_H_L_B	0.21897500000000003	0.743	0.834
7dk4_a_b_A	0.21526011904761905	0.375	0.479
7dk4_e_f_C	0.21526011904761905	0.325	0.479
7dk7_c_d_B	0.21526011904761905	0.341	0.479
7e88_A_B_C	0.18238333333333331	0.606	0.83
7e88_D_E_F	0.18238333333333331	0.636	0.83
7e88_G_H_I	0.18238333333333331	0.636	0.83
7ld1_P_O_A	0.18224972943722947	0.178	0.685
7e3b_B_C_A	0.17271666666666666	0.0	0.51
7e5y_C_B_A	0.17127857142857145	0.588	0.736
7mzf_H_L_A	0.1707073412698413	0.818	0.848
7q6e_E_F_B	0.1702625	0.0	0.689
7q6e_J_K_C	0.1702625	0.0	0.689
7czr_H_K_A	0.1670095238095238	0.636	0.615
7n5h_H_L_A	0.1657115384615385	0.087	0.307
7r6x_H_L_R	0.16526249999999998	0.0	0.81
7dk0_A_B_C	0.1642707792207792	0.085	0.544
7cdj_H_L_E	0.16138333333333332	0.136	0.847
7byr_H_L_B	0.160025	0.15	0.338
7ps6_H_L_E	0.159030303030303	0.103	0.773
7chs_H_L_E	0.15885357142857143	0.818	0.907
7m6g_R_S_B	0.15714999999999998	0.0	0.676
6wps_C_D_B	0.15657380952380953	0.0	0.286
6wpt_D_E_A	0.15657380952380953	0.0	0.286
7bep_H_L_E	0.15657380952380953	0.0	0.674
7jx3_A_B_R	0.15657380952380953	0.0	0.67
7l0n_C_D_S	0.15657380952380953	0.0	0.67
7tly_A_B_I	0.15657380952380953	0.0	0.489
7tn0_B_A_I	0.15657380952380953	0.0	0.67
7tn0_C_D_S	0.15657380952380953	0.0	0.67
7pry_C_D_I	0.14823690476190476	0.108	0.668
7dcx_A_F_C	0.14778690476190476	0.191	0.488
7dcx_E_H_K	0.14778690476190476	0.25	0.488
7ly0_H_L_A	0.14694253246753247	0.0	0.329
7ly2_G_I_B	0.14694253246753247	0.0	0.329
7k9z_H_L_E	0.1452732142857143	0.0	0.745
7nd4_F_G_B	0.14442619047619043	0.343	0.475
7nd4_H_L_C	0.14442619047619043	0.333	0.475
7rkv_D_H_B	0.14250416666666663	0.037	0.53
7rkv_E_F_A	0.14250416666666663	0.037	0.53
7rkv_G_L_C	0.14250416666666663	0.038	0.53
7cah_E_D_A	0.14208928571428572	0.064	0.476
7cak_E_D_A	0.14208928571428572	0.062	0.671
7cwn_E_D_B	0.14208928571428572	0.019	0.648
7cwn_H_N_C	0.14208928571428572	0.019	0.648
7e5r_L_H_A	0.14208928571428572	0.045	0.671
7e5s_L_D_B	0.14208928571428572	0.02	0.671
7mzj_F_E_A	0.14075416666666665	0.441	0.545
7q9k_D_E_B	0.13813690476190477	0.024	0.743
7kmg_A_B_C	0.13744047619047614	0.067	0.696
7bep_A_B_E	0.1370863095238095	0.103	0.766
7nd8_H_L_B	0.1370863095238095	0.103	0.766
7msq_H_L_A	0.1366845238095238	0.065	0.745
7lab_T_S_A	0.13363333333333335	0.0	0.639
7lab_Y_X_B	0.13363333333333335	0.0	0.639
7e7y_A_B_R	0.1334452380952381	0.216	0.559
7e7y_C_D_E	0.1334452380952381	0.162	0.559
7djz_A_B_C	0.1287338744588745	0.156	0.683
7ra8_C_D_B	0.12830216450216453	0.071	0.269
7m42_B_A_E	0.12796666666666667	0.103	0.478
7czp_H_L_A	0.12692023809523809	0.543	0.372
7sn3_F_G_B	0.12598571428571428	0.0	0.689
7sn3_H_L_C	0.12598571428571428	0.0	0.689
7tht_a_c_S	0.1255791666666667	0.062	0.341
7tht_H_L_C	0.1255791666666667	0.083	0.341
7mf1_H_L_A	0.125375	0.0	0.472
7r8o_H_L_B	0.12315476190476192	0.156	0.462
7r8o_M_N_E	0.12315476190476192	0.136	0.462
7dpm_A_B_C	0.12294285714285716	0.067	0.837
7dpm_G_H_I	0.12294285714285716	0.044	0.837
7dpm_J_K_L	0.12294285714285716	0.044	0.837
7akd_D_E_C	0.12280833333333334	0.0	0.297
7k9h_I_M_C	0.12121428571428573	0.077	0.262
7ljr_S_T_A	0.12103630952380953	0.077	0.47
7q9f_H_L_A	0.12083290043290042	0.0	0.701
7q9f_J_K_C	0.12083290043290042	0.0	0.701
7ps0_B_C_A	0.12063333333333333	0.154	0.481
7lxz_E_D_A	0.12023571428571429	0.095	0.285
7mzl_H_L_A	0.11997554112554114	0.487	0.647
7mzj_H_L_A	0.11914404761904762	0.0	0.797
7beh_H_L_E	0.11747857142857143	0.1	0.457
7nd7_F_G_B	0.11747857142857143	0.125	0.475
7nd7_J_K_C	0.11747857142857143	0.122	0.475
7qny_A_B_E	0.1166154761904762	0.0	0.51
7f62_H_L_A	0.11624999999999999	0.371	0.508
7lq7_P_Q_A	0.11574249084249087	0.08	0.703
7lq7_y_z_E	0.11574249084249087	0.082	0.703
7kqe_H_L_A	0.11530535714285714	0.021	0.365
7kqe_I_N_B	0.11530535714285714	0.02	0.365
7m7b_H_L_A	0.11530535714285714	0.022	0.365
7ben_D_F_C	0.11515714285714287	0.25	0.674
7ben_H_L_E	0.11515714285714287	0.286	0.674
7ora_H_L_C	0.11515714285714287	0.257	0.674
7k9z_B_A_E	0.11262619047619048	0.222	0.695
7bel_A_B_R	0.11254285714285715	0.0	0.778
7bel_C_D_X	0.11254285714285715	0.0	0.778
7ora_D_E_C	0.11254285714285715	0.0	0.799
7l5b_H_L_A	0.11238848651348653	0.116	0.46
6zdg_B_C_A	0.11216964285714286	0.0	0.831
6zdh_D_F_B	0.11216964285714286	0.0	0.831
6zdh_G_I_C	0.11216964285714286	0.0	0.831
6zfo_B_C_A	0.11216964285714286	0.0	0.831
7nx9_H_L_E	0.11216964285714286	0.0	0.831
7nxa_H_L_E	0.11216964285714286	0.0	0.831
7nxb_H_L_E	0.11216964285714286	0.0	0.831
7qnw_H_L_E	0.11216964285714286	0.0	0.831
7e3l_D_E_A	0.1116559523809524	0.216	0.661
7bnv_H_L_A	0.11035119047619048	0.023	0.679
7pqz_A_B_E	0.1101837121212121	0.023	0.548
7k8x_E_G_A	0.11003058608058609	0.048	0.483
7beo_C_D_X	0.10969880952380953	0.257	0.671
7beo_H_L_R	0.10969880952380953	0.25	0.671
7nd9_H_L_B	0.10969880952380953	0.286	0.639
7ps7_A_B_E	0.1088140873015873	0.108	0.474
7ps7_H_L_R	0.1088140873015873	0.105	0.474
7k8s_H_L_A	0.10638333333333334	0.068	0.819
7k8s_M_N_C	0.10638333333333334	0.073	0.819
7k8s_O_P_B	0.10638333333333334	0.077	0.819
7k8t_M_N_B	0.10638333333333334	0.048	0.819
7k8t_O_P_A	0.10638333333333334	0.085	0.819
7cm4_H_L_A	0.10612415966386556	0.22	0.347
7faf_g_f_B	0.10547440476190476	0.0	0.492
6xkq_H_L_A	0.10502420634920637	0.351	0.453
7e8c_H_L_A	0.104375	0.0	0.53
7e8f_H_L_A	0.104375	0.0	0.53
7s0e_H_L_A	0.10344523809523809	0.0	0.825
7lrt_D_E_C	0.10334285714285714	0.235	0.671
7f7e_C_L_E	0.10282920412920414	0.022	0.801
7wd9_G_H_C	0.10268630952380953	0.0	0.456
7wk9_a_b_B	0.10268630952380953	0.0	0.456
7wk9_c_d_C	0.10268630952380953	0.0	0.456
7jx3_C_D_R	0.10245357142857144	0.351	0.516
7ps4_B_C_A	0.10235119047619048	0.0	0.495
7ps2_A_B_G	0.10187478354978358	0.417	0.747
7k9j_I_M_B	0.10041666666666667	0.0	0.277
7k9j_J_N_C	0.10041666666666667	0.0	0.277
7k9k_H_L_A	0.10041666666666667	0.0	0.277
7tas_H_L_E	0.09842165750915752	0.268	0.326
7tat_H_L_A	0.09842165750915752	0.25	0.326
7czy_H_K_A	0.0979940476190476	0.286	0.487
6xdg_B_D_E	0.09764880952380951	0.194	0.802
7v26_a_b_A	0.09736666666666666	0.044	0.443
7v26_c_d_C	0.09736666666666666	0.065	0.443
7kqb_H_L_A	0.0969702380952381	0.109	0.563
7kqb_K_J_C	0.0969702380952381	0.106	0.563
7mzk_N_M_B	0.0967172619047619	0.024	0.692
6w41_H_L_C	0.0963408263305322	0.0	0.697
6xc7_H_L_A	0.0963408263305322	0.0	0.697
7a5s_H_L_A	0.0963408263305322	0.0	0.632
7r8l_C_D_E	0.0963408263305322	0.0	0.697
7qnw_A_B_E	0.0955307303807304	0.122	0.718
7w9f_A_B_E	0.09340357142857142	0.257	0.359
7k90_M_N_A	0.0932357142857143	0.1	0.554
7kzb_H_L_C	0.09213055555555555	0.02	0.791
7l7e_C_D_b	0.09210887445887447	0.0	0.744
7l7e_E_F_G	0.09210887445887447	0.0	0.744
7ej5_H_L_A	0.09204761904761903	0.222	0.459
7ej5_J_N_C	0.09204761904761903	0.171	0.459
7m3i_H_L_R	0.09008869047619047	0.042	0.481
7lxw_H_L_A	0.08914166666666666	0.0	0.322
7mmo_A_B_C	0.08838511904761905	0.093	0.55
7mmo_D_E_F	0.08838511904761905	0.093	0.55
7l7e_H_L_S	0.08703333333333334	0.194	0.664
7l7e_I_J_K	0.08703333333333334	0.216	0.664
7cwn_G_F_A	0.08607083333333333	0.071	0.806
7e5r_M_U_A	0.08607083333333333	0.049	0.407
7e5r_T_V_B	0.08607083333333333	0.05	0.407
7e5s_I_K_B	0.08607083333333333	0.089	0.407
7kn3_H_L_A	0.08306190476190477	0.341	0.795
6xdg_C_A_E	0.08240357142857142	0.025	0.544
7l2c_C_D_B	0.08171190476190476	0.0	0.473
7l2c_H_L_A	0.08171190476190476	0.0	0.473
7e7x_M_N_B	0.08161570512820512	0.0	0.464
7cwt_E_D_A	0.08036964285714285	0.146	0.354
7cyh_E_D_A	0.08036964285714285	0.154	0.352
7e5s_R_O_A	0.08036964285714285	0.162	0.543
7chc_A_B_R	0.08021428571428572	0.0	0.729
7che_A_B_R	0.08021428571428572	0.0	0.729
7chh_D_E_A	0.08021428571428572	0.0	0.729
7chh_J_K_C	0.08021428571428572	0.0	0.729
7n8i_H_L_A	0.07759107142857143	0.0	0.381
7so9_C_B_A	0.07759107142857143	0.0	0.38
7soa_H_L_A	0.07759107142857143	0.0	0.38
7tm0_I_H_A	0.07759107142857143	0.0	0.383
7eam_C_D_B	0.07614166666666666	0.0	0.487
7e8f_C_B_R	0.07388095238095238	0.0	0.729
7lss_H_L_B	0.07303333333333333	0.047	0.251
7czt_H_L_A	0.07299940476190475	0.514	0.408
7ben_G_I_C	0.07289999999999999	0.022	0.8
7orb_E_F_X	0.07289999999999999	0.043	0.8
7lcn_H_L_C	0.07253832417582418	0.0	0.471
7wcz_a_b_A	0.07076249999999999	0.139	0.455
7wd7_a_b_A	0.07076249999999999	0.176	0.455
7prz_H_L_E	0.06594418130888718	0.514	0.759
7cwt_P_M_C	0.04550476190476191	0.0	0.279
7cwu_N_G_B	0.04550476190476191	0.0	0.279
7cwu_P_I_C	0.04550476190476191	0.0	0.279
7e5r_X_S_C	0.04550476190476191	0.0	0.279
7e5s_U_Q_B	0.04550476190476191	0.0	0.279
