abname	sesascore	episim	absim
7bel_A_B_R	0.3811359487734487	0.909	1.0
7bel_C_D_X	0.3811359487734487	1.0	1.0
7ora_D_E_C	0.3811359487734487	0.909	0.971
7dk2_A_B_C	0.21848809523809526	0.0	0.784
7kmk_I_M_B	0.20669464285714287	0.0	0.773
7kxk_I_M_B	0.20669464285714287	0.0	0.773
7e8c_H_L_A	0.20522460317460314	0.0	0.527
7e8f_H_L_A	0.20522460317460314	0.0	0.527
7c01_C_D_B	0.19520238095238096	0.0	0.774
6xcn_B_D_A	0.19173333333333334	0.0	0.533
6xcn_H_L_C	0.19173333333333334	0.0	0.533
7wd9_G_H_C	0.1910779761904762	0.0	0.446
7wk9_a_b_B	0.1910779761904762	0.0	0.446
7wk9_c_d_C	0.1910779761904762	0.0	0.446
7sc1_M_N_B	0.18958630952380956	0.0	0.768
7kfw_C_D_B	0.18584365079365078	0.0	0.78
7kfv_C_D_B	0.18225476190476195	0.0	0.788
7kfv_F_G_E	0.18225476190476195	0.0	0.788
7r6x_H_L_R	0.17612380952380952	0.025	0.778
7lq7_P_Q_A	0.17201666666666665	0.024	0.746
7lq7_y_z_E	0.17201666666666665	0.025	0.746
7bem_H_L_E	0.1706559523809524	0.0	0.398
7n8i_H_L_A	0.16979761904761903	0.0	0.426
7so9_C_B_A	0.16979761904761903	0.0	0.425
7soa_H_L_A	0.16979761904761903	0.0	0.425
7tm0_I_H_A	0.16979761904761903	0.0	0.424
7dk4_a_b_A	0.1683410714285714	0.0	0.48
7dk4_e_f_C	0.1683410714285714	0.0	0.48
7dk7_c_d_B	0.1683410714285714	0.0	0.48
7pqy_B_C_A	0.16695000000000002	0.0	0.844
7pqz_H_L_E	0.16695000000000002	0.0	0.844
7q0g_H_L_E	0.16695000000000002	0.0	0.844
7f62_H_L_A	0.16580972222222223	0.0	0.511
7bej_H_L_E	0.16481130952380954	0.0	0.778
7bek_H_L_E	0.16481130952380954	0.0	0.778
7nd6_H_L_B	0.16481130952380954	0.0	0.778
6xc2_H_L_A	0.16342500000000001	0.0	0.78
6xc3_B_A_C	0.16342500000000001	0.0	0.78
6xc4_H_L_A	0.16295555555555558	0.0	0.731
6xc4_X_Y_Z	0.16295555555555558	0.0	0.731
6xc7_C_D_A	0.16295555555555558	0.0	0.731
7cah_E_D_A	0.16230238095238092	0.0	0.458
7cak_E_D_A	0.16230238095238092	0.0	0.638
7cwn_E_D_B	0.16230238095238092	0.0	0.619
7cwn_H_N_C	0.16230238095238092	0.0	0.619
7e5r_L_H_A	0.16230238095238092	0.0	0.638
7e5s_L_D_B	0.16230238095238092	0.0	0.638
6zdg_B_C_A	0.15704880952380953	0.024	0.843
6zdh_D_F_B	0.15704880952380953	0.023	0.843
6zdh_G_I_C	0.15704880952380953	0.023	0.843
6zfo_B_C_A	0.15704880952380953	0.024	0.843
7nx9_H_L_E	0.15704880952380953	0.025	0.843
7nxa_H_L_E	0.15704880952380953	0.025	0.843
7nxb_H_L_E	0.15704880952380953	0.025	0.843
7qnw_H_L_E	0.15704880952380953	0.024	0.843
7ra8_C_D_B	0.1557027597402597	0.0	0.27
7ld1_P_O_A	0.15466865079365077	0.0	0.645
7e5y_C_B_A	0.15327380952380953	0.0	0.689
7cdi_H_L_E	0.15263630952380952	0.0	0.737
7faf_g_f_B	0.15233690476190473	0.0	0.503
7mzj_H_L_A	0.15036785714285714	0.024	0.76
6w41_H_L_C	0.15026845238095238	0.025	0.665
6xc7_H_L_A	0.15026845238095238	0.026	0.665
7a5s_H_L_A	0.15026845238095238	0.026	0.617
7r8l_C_D_E	0.15026845238095238	0.026	0.665
6xdg_B_D_E	0.14952142857142858	0.0	0.837
7e86_A_B_C	0.14837916666666667	0.0	0.794
7chf_H_L_R	0.14815000000000003	0.0	0.782
7e8c_D_E_C	0.14815000000000003	0.0	0.78
7e8c_O_Q_A	0.14815000000000003	0.0	0.78
7e8f_D_E_R	0.14815000000000003	0.0	0.782
7ly0_H_L_A	0.14802500000000002	0.0	0.341
7ly2_G_I_B	0.14802500000000002	0.0	0.341
7mzj_F_E_A	0.14780952380952384	0.0	0.55
7n5h_H_L_A	0.14678690476190476	0.0	0.281
7lab_T_S_A	0.1451535714285714	0.0	0.616
7lab_Y_X_B	0.1451535714285714	0.0	0.616
7l7e_C_D_b	0.1443869047619048	0.0	0.704
7l7e_E_F_G	0.1443869047619048	0.0	0.704
7cdj_H_L_E	0.14421785714285715	0.0	0.781
7byr_H_L_B	0.14214880952380954	0.0	0.319
6wps_C_D_B	0.14169166666666663	0.129	0.277
6wpt_D_E_A	0.14169166666666663	0.143	0.277
7bep_H_L_E	0.14169166666666663	0.097	0.65
7jx3_A_B_R	0.14169166666666663	0.097	0.646
7l0n_C_D_S	0.14169166666666663	0.086	0.646
7tly_A_B_I	0.14169166666666663	0.032	0.474
7tn0_B_A_I	0.14169166666666663	0.062	0.646
7tn0_C_D_S	0.14169166666666663	0.097	0.646
7q9g_E_F_B	0.14144880952380953	0.0	0.339
7s0e_H_L_A	0.14001488095238093	0.0	0.853
7r8l_H_L_E	0.13996547619047622	0.0	0.71
7np1_H_L_A	0.13993611111111112	0.0	0.774
7np1_I_M_B	0.13993611111111112	0.0	0.774
7np1_J_N_C	0.13993611111111112	0.0	0.774
7np1_K_O_D	0.13993611111111112	0.0	0.774
7kqb_H_L_A	0.13768333333333332	0.0	0.585
7kqb_K_J_C	0.13768333333333332	0.0	0.585
7m3i_H_L_R	0.13585357142857143	0.0	0.463
7czr_H_K_A	0.13577738095238095	0.0	0.571
7mf1_H_L_A	0.13430714285714287	0.0	0.469
7dcx_A_F_C	0.13401190476190475	0.0	0.469
7dcx_E_H_K	0.13401190476190475	0.019	0.469
7k9z_H_L_E	0.13379047619047618	0.152	0.718
7ps4_B_C_A	0.1329875	0.0	0.481
7jmo_H_L_A	0.1325047619047619	0.0	0.733
7s4s_H_L_A	0.1318277777777778	0.0	0.721
7ks9_H_L_B	0.13169166666666665	0.0	0.858
7pqz_A_B_E	0.1313666666666667	0.0	0.58
7bep_A_B_E	0.1299952380952381	0.0	0.785
7nd8_H_L_B	0.1299952380952381	0.0	0.785
7lxw_H_L_A	0.12899166666666667	0.0	0.335
7k8m_A_B_E	0.12885555555555556	0.0	0.735
7l5b_H_L_A	0.12883690476190476	0.0	0.464
7czy_H_K_A	0.12883333333333336	0.0	0.498
7rkv_D_H_B	0.12779107142857143	0.023	0.557
7rkv_E_F_A	0.12779107142857143	0.023	0.557
7rkv_G_L_C	0.12779107142857143	0.024	0.557
7tht_a_c_S	0.12678869047619049	0.0	0.322
7tht_H_L_C	0.12678869047619049	0.0	0.322
7mmo_A_B_C	0.12540833333333334	0.0	0.544
7mmo_D_E_F	0.12540833333333334	0.0	0.544
7cwn_G_F_A	0.1251833333333333	0.0	0.815
7e5r_M_U_A	0.1251833333333333	0.0	0.425
7e5r_T_V_B	0.1251833333333333	0.0	0.425
7e5s_I_K_B	0.1251833333333333	0.0	0.425
7sn3_F_G_B	0.12516309523809524	0.0	0.708
7sn3_H_L_C	0.12516309523809524	0.0	0.708
7n3i_H_L_C	0.12481547619047619	0.0	0.734
7jx3_C_D_R	0.12463293650793651	0.0	0.514
7nd4_F_G_B	0.12314166666666668	0.0	0.481
7nd4_H_L_C	0.12314166666666668	0.0	0.481
7prz_H_L_E	0.12297656926406929	0.0	0.79
7akd_D_E_C	0.12233333333333331	0.0	0.266
7ps0_B_C_A	0.12191468253968253	0.0	0.461
7kmg_A_B_C	0.12111785714285715	0.0	0.677
7msq_H_L_A	0.12048492063492064	0.0	0.676
7mzk_N_M_B	0.12034047619047619	0.0	0.673
7chc_A_B_R	0.11944285714285714	0.0	0.712
7che_A_B_R	0.11944285714285714	0.0	0.712
7chh_D_E_A	0.11944285714285714	0.0	0.712
7chh_J_K_C	0.11944285714285714	0.0	0.712
7ps7_A_B_E	0.11939523809523807	0.0	0.463
7ps7_H_L_R	0.11939523809523807	0.0	0.463
7r8o_H_L_B	0.11911130952380954	0.0	0.461
7r8o_M_N_E	0.11911130952380954	0.0	0.461
7e8f_C_B_R	0.11871666666666665	0.0	0.712
7mzl_H_L_A	0.11860530303030305	0.0	0.627
7ps2_A_B_G	0.11855178571428572	0.0	0.756
7m6g_R_S_B	0.11839246031746031	0.0	0.649
7djz_A_B_C	0.11825833333333334	0.0	0.646
7e7x_M_N_B	0.11784999999999998	0.0	0.466
7cm4_H_L_A	0.11745714285714286	0.0	0.366
7k8s_H_L_A	0.11727916666666667	0.0	0.832
7k8s_M_N_C	0.11727916666666667	0.0	0.832
7k8s_O_P_B	0.11727916666666667	0.0	0.832
7k8t_M_N_B	0.11727916666666667	0.0	0.832
7k8t_O_P_A	0.11727916666666667	0.0	0.832
7k90_M_N_A	0.11710476190476192	0.0	0.533
7kqe_H_L_A	0.11657083333333333	0.0	0.366
7kqe_I_N_B	0.11657083333333333	0.0	0.366
7m7b_H_L_A	0.11657083333333333	0.0	0.366
7mzf_H_L_A	0.1164309523809524	0.0	0.775
7ch5_H_L_R	0.11623273809523811	0.0	0.733
6xkq_H_L_A	0.11614523809523808	0.0	0.452
7k9z_B_A_E	0.11536904761904763	0.0	0.657
7beo_C_D_X	0.11536114718614719	0.0	0.656
7beo_H_L_R	0.11536114718614719	0.0	0.656
7nd9_H_L_B	0.11536114718614719	0.0	0.664
7m6d_H_L_C	0.11525238095238097	0.0	0.729
7e88_A_B_C	0.11504166666666667	0.0	0.812
7e88_D_E_F	0.11504166666666667	0.0	0.812
7e88_G_H_I	0.11504166666666667	0.0	0.812
7e7y_A_B_R	0.11372857142857143	0.0	0.524
7e7y_C_D_E	0.11372857142857143	0.0	0.524
7dk0_A_B_C	0.11253018925518926	0.0	0.508
7ben_D_F_C	0.11244448051948053	0.0	0.656
7ben_H_L_E	0.11244448051948053	0.0	0.656
7ora_H_L_C	0.11244448051948053	0.0	0.656
7e3b_B_C_A	0.11208333333333334	0.056	0.535
7m42_B_A_E	0.11182619047619045	0.0	0.475
6xdg_C_A_E	0.11155178571428571	0.0	0.574
7eam_C_D_B	0.11143333333333336	0.37	0.456
7czp_H_L_A	0.11038333333333332	0.0	0.371
7k8x_E_G_A	0.11010992063492063	0.0	0.487
7qny_A_B_E	0.11009696969696968	0.118	0.513
7pry_C_D_I	0.10905833333333333	0.0	0.629
7k9j_I_M_B	0.10884166666666667	0.0	0.25
7k9j_J_N_C	0.10884166666666667	0.0	0.25
7k9k_H_L_A	0.10884166666666667	0.0	0.25
7tas_H_L_E	0.10864464285714287	0.0	0.328
7tat_H_L_A	0.10864464285714287	0.0	0.328
7q9k_D_E_B	0.10790952380952382	0.0	0.692
7kzb_H_L_C	0.10748690476190477	0.026	0.775
7lss_H_L_B	0.10703055555555556	0.0	0.255
7ljr_S_T_A	0.10641230158730158	0.0	0.47
7czt_H_L_A	0.10628690476190476	0.0	0.437
7e3l_D_E_A	0.10591428571428571	0.0	0.643
7beh_H_L_E	0.10579999999999998	0.0	0.478
7nd7_F_G_B	0.10579999999999998	0.0	0.469
7nd7_J_K_C	0.10579999999999998	0.0	0.469
7q6e_E_F_B	0.10576269841269845	0.0	0.655
7q6e_J_K_C	0.10576269841269845	0.0	0.655
7lrt_D_E_C	0.10457500000000002	0.0	0.653
7chs_H_L_E	0.10255000000000002	0.0	0.791
7dpm_A_B_C	0.10179166666666667	0.0	0.773
7dpm_G_H_I	0.10179166666666667	0.0	0.773
7dpm_J_K_L	0.10179166666666667	0.0	0.773
7bnv_H_L_A	0.1017	0.5	0.646
7ps6_H_L_E	0.10132420634920633	0.0	0.701
7kn3_H_L_A	0.1013	0.0	0.761
7v26_a_b_A	0.10041388888888889	0.0	0.447
7v26_c_d_C	0.10041388888888889	0.0	0.447
7f7e_C_L_E	0.10016520146520148	0.0	0.759
7qnw_A_B_E	0.10004844322344321	0.0	0.667
7wcz_a_b_A	0.09840416666666667	0.0	0.437
7wd7_a_b_A	0.09840416666666667	0.0	0.437
7cwt_P_M_C	0.09817499999999998	0.0	0.277
7cwu_N_G_B	0.09817499999999998	0.0	0.277
7cwu_P_I_C	0.09817499999999998	0.0	0.277
7e5r_X_S_C	0.09817499999999998	0.0	0.275
7e5s_U_Q_B	0.09817499999999998	0.0	0.275
7l2c_C_D_B	0.09739880952380951	0.0	0.467
7l2c_H_L_A	0.09739880952380951	0.0	0.467
7q9f_H_L_A	0.0945	0.0	0.648
7q9f_J_K_C	0.0945	0.0	0.648
7lxz_E_D_A	0.09355079365079363	0.0	0.276
7lcn_H_L_C	0.09319345238095238	0.0	0.46
7l7e_H_L_S	0.0913392857142857	0.0	0.631
7l7e_I_J_K	0.0913392857142857	0.0	0.631
7k9h_I_M_C	0.09046011904761905	0.0	0.256
7cwt_E_D_A	0.08433333333333334	0.0	0.337
7cyh_E_D_A	0.08433333333333334	0.0	0.335
7e5s_R_O_A	0.08433333333333334	0.0	0.513
7ej5_H_L_A	0.08290833333333335	0.0	0.47
7ej5_J_N_C	0.08290833333333335	0.0	0.47
7ben_G_I_C	0.07991190476190478	0.0	0.802
7orb_E_F_X	0.07991190476190478	0.0	0.802
7w9f_A_B_E	0.07955000000000002	0.0	0.363
