abname	sesascore	episim	absim
6xc4_H_L_A	0.5552970238095238	0.741	0.916
6xc4_X_Y_Z	0.5552970238095238	0.741	0.916
6xc7_C_D_A	0.5552970238095238	0.769	0.916
7q9g_E_F_B	0.5498833333333334	0.0	0.457
7k8m_A_B_E	0.5188267857142856	0.808	0.906
7ch5_H_L_R	0.5166333333333333	0.815	0.901
7cdi_H_L_E	0.5050027777777777	1.0	1.0
7n3i_H_L_C	0.42207718253968257	0.75	0.917
7e88_A_B_C	0.4069267857142857	0.731	0.778
7e88_D_E_F	0.4069267857142857	0.769	0.778
7e88_G_H_I	0.4069267857142857	0.704	0.778
7jmo_H_L_A	0.4029623015873016	0.733	0.9
7r8l_H_L_E	0.38354940476190474	0.815	0.886
7pqy_B_C_A	0.3662998015873015	0.778	0.791
7pqz_H_L_E	0.3662998015873015	0.778	0.791
7q0g_H_L_E	0.3662998015873015	0.808	0.791
7sc1_M_N_B	0.3529166666666667	0.621	0.814
7e86_A_B_C	0.34721071428571426	0.677	0.831
6xc2_H_L_A	0.2986333333333333	0.75	0.827
6xc3_B_A_C	0.2986333333333333	0.656	0.827
7kmk_I_M_B	0.2965	0.464	0.776
7kxk_I_M_B	0.2965	0.345	0.776
7bem_H_L_E	0.2920361111111111	0.688	0.413
7m6d_H_L_C	0.2906718253968254	0.917	0.925
7chf_H_L_R	0.2810547619047619	0.742	0.825
7e8c_D_E_C	0.2810547619047619	0.815	0.827
7e8c_O_Q_A	0.2810547619047619	0.724	0.827
7e8f_D_E_R	0.2810547619047619	0.759	0.825
7s4s_H_L_A	0.2796404761904762	0.885	0.908
7bej_H_L_E	0.26038571428571433	0.647	0.802
7bek_H_L_E	0.26038571428571433	0.667	0.802
7nd6_H_L_B	0.26038571428571433	0.667	0.802
7c01_C_D_B	0.25359404761904764	0.7	0.794
7q6e_E_F_B	0.24246190476190477	0.0	0.761
7q6e_J_K_C	0.24246190476190477	0.0	0.761
7np1_H_L_A	0.2192488095238095	0.833	0.791
7np1_I_M_B	0.2192488095238095	0.833	0.791
7np1_J_N_C	0.2192488095238095	0.885	0.791
7np1_K_O_D	0.2192488095238095	0.875	0.791
7kfw_C_D_B	0.21864940476190478	0.677	0.809
7dk0_A_B_C	0.20965396825396826	0.103	0.571
7m6g_R_S_B	0.20627678571428573	0.027	0.761
7kfv_C_D_B	0.20434107142857144	0.733	0.816
7kfv_F_G_E	0.20434107142857144	0.733	0.816
7mzf_H_L_A	0.2025511904761905	0.733	0.792
6xcn_B_D_A	0.19543571428571432	0.64	0.554
6xcn_H_L_C	0.19543571428571432	0.64	0.554
7ks9_H_L_B	0.1941511904761905	0.656	0.793
7byr_H_L_B	0.17770833333333333	0.118	0.31
7r6x_H_L_R	0.16909047619047618	0.0	0.763
7e3b_B_C_A	0.16803968253968254	0.0	0.49
7q9f_H_L_A	0.1671972222222222	0.0	0.756
7q9f_J_K_C	0.1671972222222222	0.0	0.756
7f62_H_L_A	0.16645000000000001	0.212	0.514
7ben_D_F_C	0.16584146825396823	0.37	0.748
7ben_H_L_E	0.16584146825396823	0.423	0.748
7ora_H_L_C	0.16584146825396823	0.385	0.748
7e5y_C_B_A	0.16138750000000002	0.84	0.751
7e7y_A_B_R	0.15999821428571429	0.276	0.561
7e7y_C_D_E	0.15999821428571429	0.207	0.561
7ljr_S_T_A	0.15957380952380953	0.116	0.497
7lxz_E_D_A	0.15700357142857144	0.152	0.357
7czr_H_K_A	0.15693690476190478	0.704	0.568
7lrt_D_E_C	0.15661111111111106	0.308	0.766
7beo_C_D_X	0.15446646825396823	0.385	0.752
7beo_H_L_R	0.15446646825396823	0.37	0.752
7nd9_H_L_B	0.15446646825396823	0.423	0.718
7cdj_H_L_E	0.15434047619047614	0.135	0.783
7pry_C_D_I	0.15308750000000002	0.031	0.741
7chs_H_L_E	0.15220119047619046	0.733	0.828
7q9k_D_E_B	0.14974583333333333	0.029	0.673
7akd_D_E_C	0.14762301587301588	0.0	0.335
7dcx_A_F_C	0.14660654761904762	0.043	0.492
7dcx_E_H_K	0.14660654761904762	0.267	0.492
7ps6_H_L_E	0.14533611111111108	0.061	0.685
7n5h_H_L_A	0.1422470238095238	0.077	0.384
7rkv_D_H_B	0.1419509199134199	0.0	0.543
7rkv_E_F_A	0.1419509199134199	0.0	0.543
7rkv_G_L_C	0.1419509199134199	0.0	0.543
7m42_B_A_E	0.13995833333333332	0.167	0.467
7sn3_F_G_B	0.13856329365079365	0.0	0.761
7sn3_H_L_C	0.13856329365079365	0.0	0.761
7e3l_D_E_A	0.13841666666666666	0.321	0.752
7dk4_a_b_A	0.13414880952380953	0.343	0.491
7dk4_e_f_C	0.13414880952380953	0.324	0.491
7dk7_c_d_B	0.13414880952380953	0.308	0.491
7ps0_B_C_A	0.13396607142857145	0.156	0.481
7kmg_A_B_C	0.1334285714285714	0.111	0.645
7czp_H_L_A	0.1334267857142857	0.353	0.368
7ld1_P_O_A	0.13155615079365077	0.125	0.705
7k9z_H_L_E	0.13073333333333334	0.024	0.675
7mzj_F_E_A	0.13009464285714287	0.577	0.55
7kqe_H_L_A	0.12964880952380953	0.0	0.36
7kqe_I_N_B	0.12964880952380953	0.0	0.36
7m7b_H_L_A	0.12964880952380953	0.0	0.36
7ps4_B_C_A	0.12917916666666668	0.0	0.476
7beh_H_L_E	0.1276125	0.161	0.456
7nd7_F_G_B	0.1276125	0.194	0.474
7nd7_J_K_C	0.1276125	0.188	0.474
7k9z_B_A_E	0.12631904761904766	0.333	0.698
7wd9_G_H_C	0.125525	0.0	0.47
7wk9_a_b_B	0.125525	0.0	0.47
7wk9_c_d_C	0.125525	0.0	0.47
7tht_a_c_S	0.12434027777777776	0.103	0.302
7tht_H_L_C	0.12434027777777776	0.128	0.302
7lab_T_S_A	0.12409166666666667	0.0	0.738
7lab_Y_X_B	0.12409166666666667	0.0	0.738
7k9j_I_M_B	0.12312261904761905	0.0	0.285
7k9j_J_N_C	0.12312261904761905	0.0	0.285
7k9k_H_L_A	0.12312261904761905	0.0	0.285
7lcn_H_L_C	0.12060416666666667	0.0	0.462
7jx3_C_D_R	0.12046071428571428	0.273	0.523
7cah_E_D_A	0.11922777777777781	0.0	0.478
7cak_E_D_A	0.11922777777777781	0.0	0.674
7cwn_E_D_B	0.11922777777777781	0.0	0.661
7cwn_H_N_C	0.11922777777777781	0.0	0.661
7e5r_L_H_A	0.11922777777777781	0.0	0.674
7e5s_L_D_B	0.11922777777777781	0.0	0.674
6w41_H_L_C	0.1191748015873016	0.0	0.697
6xc7_H_L_A	0.1191748015873016	0.0	0.697
7a5s_H_L_A	0.1191748015873016	0.0	0.635
7r8l_C_D_E	0.1191748015873016	0.0	0.697
7djz_A_B_C	0.11789761904761904	0.222	0.73
7faf_g_f_B	0.11743492063492063	0.0	0.476
7w9f_A_B_E	0.11691547619047618	0.333	0.36
7r8o_H_L_B	0.11612857142857143	0.158	0.464
7r8o_M_N_E	0.11612857142857143	0.135	0.464
7kzb_H_L_C	0.11593888888888887	0.0	0.738
7m3i_H_L_R	0.11485892857142858	0.0	0.486
7ps7_A_B_E	0.11420297619047617	0.065	0.475
7ps7_H_L_R	0.11420297619047617	0.097	0.475
7czy_H_K_A	0.11414166666666668	0.423	0.499
6zdg_B_C_A	0.11397103174603175	0.0	0.776
6zdh_D_F_B	0.11397103174603175	0.0	0.776
6zdh_G_I_C	0.11397103174603175	0.0	0.776
6zfo_B_C_A	0.11397103174603175	0.0	0.776
7nx9_H_L_E	0.11397103174603175	0.0	0.776
7nxa_H_L_E	0.11397103174603175	0.0	0.776
7nxb_H_L_E	0.11397103174603175	0.0	0.776
7qnw_H_L_E	0.11397103174603175	0.0	0.776
7l7e_H_L_S	0.11251904761904763	0.296	0.762
7l7e_I_J_K	0.11251904761904763	0.321	0.762
7k8x_E_G_A	0.1123184523809524	0.091	0.482
7bep_A_B_E	0.1119625	0.129	0.716
7nd8_H_L_B	0.1119625	0.129	0.716
7ps2_A_B_G	0.1117702380952381	0.387	0.782
7mzl_H_L_A	0.1106452380952381	0.471	0.685
7pqz_A_B_E	0.11038690476190476	0.0	0.556
7nd4_F_G_B	0.11024107142857144	0.393	0.46
7nd4_H_L_C	0.11024107142857144	0.379	0.46
7s0e_H_L_A	0.11000396825396827	0.0	0.782
7dk2_A_B_C	0.1098344696969697	0.581	0.775
7f7e_C_L_E	0.10946964285714288	0.0	0.761
7l5b_H_L_A	0.1089555194805195	0.111	0.454
7v26_a_b_A	0.10841507936507938	0.0	0.439
7v26_c_d_C	0.10841507936507938	0.0	0.439
7l2c_C_D_B	0.10815357142857143	0.0	0.462
7l2c_H_L_A	0.10815357142857143	0.0	0.462
7k9h_I_M_C	0.10783154761904763	0.097	0.267
7bel_A_B_R	0.10671666666666667	0.0	0.737
7bel_C_D_X	0.10671666666666667	0.0	0.737
7ora_D_E_C	0.10671666666666667	0.0	0.753
6xkq_H_L_A	0.10625238095238095	0.355	0.454
7ly0_H_L_A	0.10514729437229438	0.0	0.343
7ly2_G_I_B	0.10514729437229438	0.0	0.343
7mf1_H_L_A	0.10468928571428572	0.0	0.464
7k8s_H_L_A	0.10466666666666667	0.114	0.773
7k8s_M_N_C	0.10466666666666667	0.125	0.773
7k8s_O_P_B	0.10466666666666667	0.133	0.773
7k8t_M_N_B	0.10466666666666667	0.091	0.773
7k8t_O_P_A	0.10466666666666667	0.132	0.773
7ra8_C_D_B	0.10201111111111114	0.028	0.267
7dpm_A_B_C	0.10187619047619047	0.026	0.771
7dpm_G_H_I	0.10187619047619047	0.0	0.771
7dpm_J_K_L	0.10187619047619047	0.026	0.771
7e7x_M_N_B	0.10159761904761905	0.0	0.461
7msq_H_L_A	0.10146666666666666	0.0	0.679
7mzk_N_M_B	0.1007363095238095	0.0	0.696
6xdg_B_D_E	0.10068333333333333	0.296	0.756
7mmo_A_B_C	0.09852499999999997	0.026	0.552
7mmo_D_E_F	0.09852499999999997	0.026	0.552
7ej5_H_L_A	0.09819166666666668	0.286	0.466
7ej5_J_N_C	0.09819166666666668	0.222	0.466
7e8c_H_L_A	0.09771190476190475	0.0	0.542
7e8f_H_L_A	0.09771190476190475	0.0	0.542
7bnv_H_L_A	0.0972875	0.028	0.725
7wcz_a_b_A	0.09583809523809525	0.179	0.466
7wd7_a_b_A	0.09583809523809525	0.231	0.466
7cwn_G_F_A	0.09389285714285714	0.121	0.773
7e5r_M_U_A	0.09389285714285714	0.094	0.387
7e5r_T_V_B	0.09389285714285714	0.097	0.387
7e5s_I_K_B	0.09389285714285714	0.139	0.387
7qny_A_B_E	0.09380508658008657	0.0	0.525
7qnw_A_B_E	0.09291718975468978	0.027	0.685
7chc_A_B_R	0.09285714285714286	0.0	0.771
7che_A_B_R	0.09285714285714286	0.0	0.771
7chh_D_E_A	0.09285714285714286	0.0	0.771
7chh_J_K_C	0.09285714285714286	0.0	0.771
7czt_H_L_A	0.09283095238095239	0.455	0.404
7kqb_H_L_A	0.09185119047619048	0.162	0.556
7kqb_K_J_C	0.09185119047619048	0.158	0.556
7mzj_H_L_A	0.09176845238095238	0.022	0.73
7lss_H_L_B	0.09165714285714284	0.0	0.253
7k90_M_N_A	0.09063968253968253	0.161	0.54
7e8f_C_B_R	0.08927380952380952	0.0	0.771
6wps_C_D_B	0.08794285714285716	0.0	0.354
6wpt_D_E_A	0.08794285714285716	0.0	0.354
7bep_H_L_E	0.08794285714285716	0.0	0.744
7jx3_A_B_R	0.08794285714285716	0.0	0.747
7l0n_C_D_S	0.08794285714285716	0.0	0.747
7tly_A_B_I	0.08794285714285716	0.0	0.567
7tn0_B_A_I	0.08794285714285716	0.0	0.747
7tn0_C_D_S	0.08794285714285716	0.0	0.747
7n8i_H_L_A	0.08744404761904764	0.0	0.354
7so9_C_B_A	0.08744404761904764	0.0	0.353
7soa_H_L_A	0.08744404761904764	0.0	0.353
7tm0_I_H_A	0.08744404761904764	0.0	0.355
7tas_H_L_E	0.085875	0.257	0.332
7tat_H_L_A	0.085875	0.233	0.332
7lxw_H_L_A	0.08525833333333332	0.0	0.336
7eam_C_D_B	0.08494464285714286	0.0	0.469
7lq7_P_Q_A	0.08335119047619047	0.045	0.667
7lq7_y_z_E	0.08335119047619047	0.047	0.667
6xdg_C_A_E	0.08319563492063493	0.0	0.543
7kn3_H_L_A	0.0831452380952381	0.343	0.815
7cm4_H_L_A	0.08307857142857143	0.273	0.354
7cwt_E_D_A	0.08274642857142858	0.054	0.401
7cyh_E_D_A	0.08274642857142858	0.057	0.401
7e5s_R_O_A	0.08274642857142858	0.061	0.594
7prz_H_L_E	0.0695297619047619	0.452	0.76
7cwt_P_M_C	0.06916249999999999	0.0	0.282
7cwu_N_G_B	0.06916249999999999	0.0	0.282
7cwu_P_I_C	0.06916249999999999	0.0	0.282
7e5r_X_S_C	0.06916249999999999	0.0	0.282
7e5s_U_Q_B	0.06916249999999999	0.0	0.282
7l7e_C_D_b	0.06544880952380953	0.026	0.73
7l7e_E_F_G	0.06544880952380953	0.026	0.73
7ben_G_I_C	0.05546666666666667	0.026	0.765
7orb_E_F_X	0.05546666666666667	0.026	0.765
