abname	sesascore	episim	absim
7m3i_H_L_R	0.421894078144078	0.5	0.461
7chf_H_L_R	0.2532577380952381	0.0	0.661
7e8c_D_E_C	0.2532577380952381	0.0	0.665
7e8c_O_Q_A	0.2532577380952381	0.0	0.665
7e8f_D_E_R	0.2532577380952381	0.0	0.664
7cah_E_D_A	0.25160119047619045	0.56	0.744
7cak_E_D_A	0.25160119047619045	0.481	0.972
7cwn_E_D_B	0.25160119047619045	1.0	1.0
7cwn_H_N_C	0.25160119047619045	1.0	1.0
7e5r_L_H_A	0.25160119047619045	0.458	0.972
7e5s_L_D_B	0.25160119047619045	0.6	0.972
7kmg_A_B_C	0.24736607142857142	0.0	0.671
7bem_H_L_E	0.24570595238095239	0.0	0.315
7kmk_I_M_B	0.22908214285714285	0.0	0.657
7kxk_I_M_B	0.22908214285714285	0.0	0.657
7kfw_C_D_B	0.22180535714285715	0.0	0.644
7kfv_C_D_B	0.22127916666666667	0.0	0.644
7kfv_F_G_E	0.22127916666666667	0.0	0.644
6xc2_H_L_A	0.21429107142857137	0.019	0.647
6xc3_B_A_C	0.21429107142857137	0.02	0.647
6zdg_B_C_A	0.20792678571428572	0.419	0.639
6zdh_D_F_B	0.20792678571428572	0.364	0.639
6zdh_G_I_C	0.20792678571428572	0.394	0.639
6zfo_B_C_A	0.20792678571428572	0.387	0.639
7nx9_H_L_E	0.20792678571428572	0.312	0.639
7nxa_H_L_E	0.20792678571428572	0.355	0.639
7nxb_H_L_E	0.20792678571428572	0.4	0.639
7qnw_H_L_E	0.20792678571428572	0.344	0.639
7dk4_a_b_A	0.20755	0.0	0.458
7dk4_e_f_C	0.20755	0.0	0.458
7dk7_c_d_B	0.20755	0.0	0.458
7tht_a_c_S	0.20595367965367967	0.0	0.344
7tht_H_L_C	0.20595367965367967	0.0	0.344
7mzj_F_E_A	0.20253571428571424	0.0	0.445
7sc1_M_N_B	0.20109166666666667	0.0	0.639
7r8l_H_L_E	0.1998	0.0	0.629
7cdi_H_L_E	0.19775059523809524	0.0	0.661
7e86_A_B_C	0.19252261904761905	0.0	0.65
7wd9_G_H_C	0.19073333333333337	0.0	0.499
7wk9_a_b_B	0.19073333333333337	0.0	0.499
7wk9_c_d_C	0.19073333333333337	0.0	0.499
7n3i_H_L_C	0.18897261904761906	0.0	0.631
6xc4_H_L_A	0.1875	0.0	0.653
6xc4_X_Y_Z	0.1875	0.0	0.653
6xc7_C_D_A	0.1875	0.0	0.653
7pqy_B_C_A	0.18700515873015872	0.0	0.623
7pqz_H_L_E	0.18700515873015872	0.0	0.623
7q0g_H_L_E	0.18700515873015872	0.0	0.623
7e5y_C_B_A	0.18416369047619052	0.0	0.59
7np1_H_L_A	0.1802801587301587	0.0	0.639
7np1_I_M_B	0.1802801587301587	0.0	0.639
7np1_J_N_C	0.1802801587301587	0.022	0.639
7np1_K_O_D	0.1802801587301587	0.0	0.639
6xcn_B_D_A	0.17277261904761904	0.0	0.442
6xcn_H_L_C	0.17277261904761904	0.0	0.442
7ra8_C_D_B	0.17248035714285714	0.36	0.287
7e8f_C_B_R	0.17237738095238098	0.0	0.617
7bej_H_L_E	0.1720875	0.019	0.648
7bek_H_L_E	0.1720875	0.02	0.648
7nd6_H_L_B	0.1720875	0.02	0.648
7k8m_A_B_E	0.1709166666666667	0.0	0.641
7jmo_H_L_A	0.16870654761904766	0.0	0.626
7dcx_A_F_C	0.16163750000000002	0.406	0.467
7dcx_E_H_K	0.16163750000000002	0.317	0.467
7l7e_C_D_b	0.15583988095238094	0.0	0.613
7l7e_E_F_G	0.15583988095238094	0.0	0.613
7ps4_B_C_A	0.15553055555555556	0.0	0.49
7c01_C_D_B	0.15447301587301587	0.021	0.64
7k9z_H_L_E	0.15411904761904763	0.0	0.705
7e3b_B_C_A	0.15389166666666665	0.0	0.451
7kn3_H_L_A	0.153046626984127	0.0	0.646
7msq_H_L_A	0.1502166666666667	0.462	0.635
7byr_H_L_B	0.1488654761904762	0.0	0.324
7l5b_H_L_A	0.14869226190476192	0.0	0.469
7ks9_H_L_B	0.14725	0.0	0.624
7ch5_H_L_R	0.14562916666666667	0.0	0.639
7beh_H_L_E	0.1455392857142857	0.0	0.471
7nd7_F_G_B	0.1455392857142857	0.0	0.49
7nd7_J_K_C	0.1455392857142857	0.0	0.49
7k90_M_N_A	0.14527738095238096	0.0	0.436
7m6g_R_S_B	0.1449988095238095	0.0	0.683
7dk0_A_B_C	0.14495595238095238	0.0	0.553
7chc_A_B_R	0.14474166666666669	0.0	0.617
7che_A_B_R	0.14474166666666669	0.0	0.617
7chh_D_E_A	0.14474166666666669	0.0	0.617
7chh_J_K_C	0.14474166666666669	0.0	0.617
7rkv_D_H_B	0.14344897186147185	0.406	0.452
7rkv_E_F_A	0.14344897186147185	0.452	0.452
7rkv_G_L_C	0.14344897186147185	0.419	0.452
7kqe_H_L_A	0.1415678571428572	0.652	0.346
7kqe_I_N_B	0.1415678571428572	0.696	0.346
7m7b_H_L_A	0.1415678571428572	0.636	0.346
7dk2_A_B_C	0.14078333333333332	0.0	0.634
7q9g_E_F_B	0.14075416666666665	0.0	0.281
7dpm_A_B_C	0.1398738095238095	0.48	0.626
7dpm_G_H_I	0.1398738095238095	0.5	0.626
7dpm_J_K_L	0.1398738095238095	0.44	0.626
7s0e_H_L_A	0.13775	0.0	0.631
7k9j_I_M_B	0.13763452380952382	0.0	0.342
7k9j_J_N_C	0.13763452380952382	0.0	0.342
7k9k_H_L_A	0.13763452380952382	0.0	0.342
7e8c_H_L_A	0.13716488095238094	0.0	0.458
7e8f_H_L_A	0.13716488095238094	0.0	0.458
7mzj_H_L_A	0.13686626984126984	0.0	0.63
7jx3_C_D_R	0.13583095238095233	0.0	0.458
7k8x_E_G_A	0.13509940476190477	0.0	0.486
7v26_a_b_A	0.1333230769230769	0.0	0.418
7v26_c_d_C	0.1333230769230769	0.0	0.418
7bnv_H_L_A	0.13323095238095237	0.0	0.663
7chs_H_L_E	0.13215670995670997	0.0	0.656
7r6x_H_L_R	0.13152202380952382	0.355	0.636
7nd4_F_G_B	0.13145	0.0	0.437
7nd4_H_L_C	0.13145	0.0	0.437
7mzk_N_M_B	0.13134801587301587	0.032	0.68
7cdj_H_L_E	0.13090000000000004	0.0	0.644
7djz_A_B_C	0.1300547619047619	0.0	0.68
6xdg_B_D_E	0.12898511904761906	0.0	0.628
7k9h_I_M_C	0.12847554112554116	0.0	0.255
6xkq_H_L_A	0.1265434523809524	0.0	0.469
7ps2_A_B_G	0.1260666666666667	0.026	0.634
7bep_A_B_E	0.1255594696969697	0.0	0.603
7nd8_H_L_B	0.1255594696969697	0.0	0.603
7cm4_H_L_A	0.12477261904761905	0.0	0.337
7ly0_H_L_A	0.12468095238095239	0.0	0.265
7ly2_G_I_B	0.12468095238095239	0.0	0.265
7mzl_H_L_A	0.12455714285714287	0.0	0.597
7tas_H_L_E	0.12434166666666667	0.0	0.261
7tat_H_L_A	0.12434166666666667	0.0	0.261
7czr_H_K_A	0.12425476190476192	0.0	0.465
7sn3_F_G_B	0.12415178571428573	0.542	0.586
7sn3_H_L_C	0.12415178571428573	0.636	0.586
7f62_H_L_A	0.12304940476190476	0.0	0.448
7qny_A_B_E	0.12303750000000002	0.0	0.44
7mf1_H_L_A	0.12295833333333331	0.0	0.482
7r8o_H_L_B	0.12209404761904763	0.0	0.481
7r8o_M_N_E	0.12209404761904763	0.0	0.481
6w41_H_L_C	0.12178055555555554	0.448	0.662
6xc7_H_L_A	0.12178055555555554	0.464	0.662
7a5s_H_L_A	0.12178055555555554	0.25	0.598
7r8l_C_D_E	0.12178055555555554	0.429	0.662
7bel_A_B_R	0.12111607142857145	0.0	0.619
7bel_C_D_X	0.12111607142857145	0.0	0.619
7ora_D_E_C	0.12111607142857145	0.0	0.631
7ps7_A_B_E	0.120735347985348	0.0	0.449
7ps7_H_L_R	0.120735347985348	0.0	0.449
7lab_T_S_A	0.11983571428571428	0.0	0.701
7lab_Y_X_B	0.11983571428571428	0.0	0.701
7k9z_B_A_E	0.11857678571428572	0.0	0.706
7czp_H_L_A	0.11845000000000001	0.024	0.355
7ps0_B_C_A	0.11792738095238098	0.0	0.437
7pqz_A_B_E	0.11779107142857141	0.0	0.456
7m6d_H_L_C	0.11776666666666667	0.0	0.641
7wcz_a_b_A	0.11750297619047621	0.0	0.492
7wd7_a_b_A	0.11750297619047621	0.0	0.492
7s4s_H_L_A	0.1172857142857143	0.0	0.647
7lxw_H_L_A	0.11724583333333335	0.0	0.266
7q9k_D_E_B	0.1162892857142857	0.0	0.699
6xdg_C_A_E	0.1162138888888889	0.0	0.461
7prz_H_L_E	0.11587222222222227	0.024	0.629
7kqb_H_L_A	0.11581428571428573	0.0	0.465
7kqb_K_J_C	0.11581428571428573	0.0	0.465
7lxz_E_D_A	0.11546190476190477	0.0	0.331
7f7e_C_L_E	0.11470119047619047	0.0	0.637
7czy_H_K_A	0.1138390873015873	0.0	0.485
7m42_B_A_E	0.1134107142857143	0.0	0.485
7pry_C_D_I	0.11337817460317462	0.0	0.621
7cwn_G_F_A	0.11284761904761904	0.0	0.669
7e5r_M_U_A	0.11284761904761904	0.0	0.306
7e5r_T_V_B	0.11284761904761904	0.0	0.306
7e5s_I_K_B	0.11284761904761904	0.0	0.306
7lq7_P_Q_A	0.11226666666666668	0.387	0.687
7lq7_y_z_E	0.11226666666666668	0.355	0.687
7ljr_S_T_A	0.11219880952380952	0.0	0.472
7faf_g_f_B	0.11216785714285714	0.0	0.474
7q9f_H_L_A	0.1121125	0.0	0.692
7q9f_J_K_C	0.1121125	0.0	0.692
7q6e_E_F_B	0.11206904761904762	0.0	0.676
7q6e_J_K_C	0.11206904761904762	0.0	0.676
7kzb_H_L_C	0.11205476190476192	0.577	0.628
7czt_H_L_A	0.1118718253968254	0.023	0.351
7akd_D_E_C	0.11174047619047618	0.0	0.281
7mzf_H_L_A	0.11159583333333332	0.021	0.646
7e88_A_B_C	0.10883668831168831	0.0	0.621
7e88_D_E_F	0.10883668831168831	0.0	0.621
7e88_G_H_I	0.10883668831168831	0.0	0.621
7lss_H_L_B	0.10414688644688645	0.0	0.241
7n8i_H_L_A	0.102575	0.0	0.283
7so9_C_B_A	0.102575	0.0	0.283
7soa_H_L_A	0.102575	0.0	0.283
7tm0_I_H_A	0.102575	0.0	0.285
7l2c_C_D_B	0.10115238095238095	0.0	0.483
7l2c_H_L_A	0.10115238095238095	0.0	0.483
7eam_C_D_B	0.10039166666666667	0.0	0.513
7beo_C_D_X	0.09922261904761906	0.0	0.671
7beo_H_L_R	0.09922261904761906	0.0	0.671
7nd9_H_L_B	0.09922261904761906	0.0	0.642
7mmo_A_B_C	0.09902188644688646	0.0	0.523
7mmo_D_E_F	0.09902188644688646	0.0	0.523
7ben_D_F_C	0.09889761904761905	0.0	0.671
7ben_H_L_E	0.09889761904761905	0.0	0.671
7ora_H_L_C	0.09889761904761905	0.0	0.671
7k8s_H_L_A	0.09858750000000001	0.0	0.643
7k8s_M_N_C	0.09858750000000001	0.0	0.643
7k8s_O_P_B	0.09858750000000001	0.0	0.643
7k8t_M_N_B	0.09858750000000001	0.0	0.643
7k8t_O_P_A	0.09858750000000001	0.0	0.643
7e7y_A_B_R	0.09763928571428573	0.0	0.444
7e7y_C_D_E	0.09763928571428573	0.0	0.444
7ps6_H_L_E	0.09668690476190475	0.0	0.631
7n5h_H_L_A	0.09667619047619049	0.393	0.301
7ld1_P_O_A	0.09666704545454545	0.5	0.672
7cwt_P_M_C	0.0961607142857143	0.0	0.31
7cwu_N_G_B	0.0961607142857143	0.0	0.31
7cwu_P_I_C	0.0961607142857143	0.0	0.31
7e5r_X_S_C	0.0961607142857143	0.0	0.31
7e5s_U_Q_B	0.0961607142857143	0.0	0.31
6wps_C_D_B	0.09588809523809523	0.0	0.334
6wpt_D_E_A	0.09588809523809523	0.0	0.334
7bep_H_L_E	0.09588809523809523	0.0	0.677
7jx3_A_B_R	0.09588809523809523	0.0	0.68
7l0n_C_D_S	0.09588809523809523	0.0	0.68
7tly_A_B_I	0.09588809523809523	0.0	0.525
7tn0_B_A_I	0.09588809523809523	0.0	0.68
7tn0_C_D_S	0.09588809523809523	0.0	0.68
7cwt_E_D_A	0.09454880952380953	0.0	0.303
7cyh_E_D_A	0.09454880952380953	0.0	0.303
7e5s_R_O_A	0.09454880952380953	0.0	0.469
7qnw_A_B_E	0.0940452380952381	0.029	0.625
7e7x_M_N_B	0.08737380952380952	0.0	0.484
7w9f_A_B_E	0.08613075396825397	0.0	0.398
7l7e_H_L_S	0.08451607142857144	0.0	0.674
7l7e_I_J_K	0.08451607142857144	0.0	0.674
7e3l_D_E_A	0.08372083333333334	0.0	0.684
7ben_G_I_C	0.0823404761904762	0.0	0.639
7orb_E_F_X	0.0823404761904762	0.0	0.639
7ej5_H_L_A	0.08039861111111113	0.0	0.491
7ej5_J_N_C	0.08039861111111113	0.0	0.491
7lrt_D_E_C	0.08033928571428572	0.0	0.681
7lcn_H_L_C	0.07934523809523811	0.0	0.483
