abname	sesascore	episim	absim
7dpm_A_B_C	0.345775	1.0	1.0
7dpm_G_H_I	0.345775	0.938	1.0
7dpm_J_K_L	0.345775	0.938	1.0
7cah_E_D_A	0.2547351731601732	0.478	0.452
7cak_E_D_A	0.2547351731601732	0.522	0.648
7cwn_E_D_B	0.2547351731601732	0.48	0.626
7cwn_H_N_C	0.2547351731601732	0.48	0.626
7e5r_L_H_A	0.2547351731601732	0.429	0.648
7e5s_L_D_B	0.2547351731601732	0.458	0.648
7msq_H_L_A	0.24081507936507937	0.5	0.736
7faf_g_f_B	0.20553690476190475	0.0	0.487
7tht_a_c_S	0.19207613636363635	0.0	0.328
7tht_H_L_C	0.19207613636363635	0.0	0.328
6xdg_B_D_E	0.18848988095238095	0.0	0.789
7cdj_H_L_E	0.18701204212454214	0.0	0.829
6zdg_B_C_A	0.18614979464979461	0.258	0.832
6zdh_D_F_B	0.18614979464979461	0.212	0.832
6zdh_G_I_C	0.18614979464979461	0.206	0.832
6zfo_B_C_A	0.18614979464979461	0.226	0.832
7nx9_H_L_E	0.18614979464979461	0.121	0.832
7nxa_H_L_E	0.18614979464979461	0.156	0.832
7nxb_H_L_E	0.18614979464979461	0.194	0.832
7qnw_H_L_E	0.18614979464979461	0.152	0.832
7r6x_H_L_R	0.1854271756021756	0.194	0.826
7ps0_B_C_A	0.18284047619047616	0.036	0.47
7kmk_I_M_B	0.1810559523809524	0.0	0.802
7kxk_I_M_B	0.1810559523809524	0.0	0.802
7k8s_H_L_A	0.17793923160173158	0.0	0.821
7k8s_M_N_C	0.17793923160173158	0.0	0.821
7k8s_O_P_B	0.17793923160173158	0.0	0.821
7k8t_M_N_B	0.17793923160173158	0.0	0.821
7k8t_O_P_A	0.17793923160173158	0.0	0.821
7s0e_H_L_A	0.17595692640692642	0.0	0.831
7bel_A_B_R	0.1741416666666667	0.0	0.773
7bel_C_D_X	0.1741416666666667	0.0	0.773
7ora_D_E_C	0.1741416666666667	0.0	0.793
7mzk_N_M_B	0.17135039682539685	0.08	0.663
7kmg_A_B_C	0.16989358974358973	0.0	0.676
7cwt_P_M_C	0.16781809905780495	0.0	0.272
7cwu_N_G_B	0.16781809905780495	0.0	0.272
7cwu_P_I_C	0.16781809905780495	0.0	0.272
7e5r_X_S_C	0.16781809905780495	0.0	0.272
7e5s_U_Q_B	0.16781809905780495	0.0	0.272
7pqy_B_C_A	0.16594761904761907	0.026	0.814
7pqz_H_L_E	0.16594761904761907	0.026	0.814
7q0g_H_L_E	0.16594761904761907	0.026	0.814
6w41_H_L_C	0.1648261904761905	0.233	0.664
6xc7_H_L_A	0.1648261904761905	0.286	0.664
7a5s_H_L_A	0.1648261904761905	0.167	0.604
7r8l_C_D_E	0.1648261904761905	0.296	0.664
7e8f_C_B_R	0.16454761904761903	0.0	0.737
7cwn_G_F_A	0.1643939935064935	0.0	0.808
7e5r_M_U_A	0.1643939935064935	0.0	0.412
7e5r_T_V_B	0.1643939935064935	0.0	0.412
7e5s_I_K_B	0.1643939935064935	0.0	0.412
7kqb_H_L_A	0.1637769841269841	0.0	0.564
7kqb_K_J_C	0.1637769841269841	0.0	0.564
6xcn_B_D_A	0.16330119047619046	0.031	0.55
6xcn_H_L_C	0.16330119047619046	0.031	0.55
7wcz_a_b_A	0.16258869047619048	0.0	0.461
7wd7_a_b_A	0.16258869047619048	0.0	0.461
7m3i_H_L_R	0.16256488095238095	0.478	0.475
7chc_A_B_R	0.16140595238095237	0.0	0.737
7che_A_B_R	0.16140595238095237	0.0	0.737
7chh_D_E_A	0.16140595238095237	0.0	0.737
7chh_J_K_C	0.16140595238095237	0.0	0.737
7sn3_F_G_B	0.15958511904761907	0.524	0.688
7sn3_H_L_C	0.15958511904761907	0.55	0.688
7e3b_B_C_A	0.1593714285714286	0.0	0.502
6wps_C_D_B	0.15811585497835498	0.0	0.274
6wpt_D_E_A	0.15811585497835498	0.0	0.274
7bep_H_L_E	0.15811585497835498	0.0	0.648
7jx3_A_B_R	0.15811585497835498	0.0	0.647
7l0n_C_D_S	0.15811585497835498	0.0	0.647
7tly_A_B_I	0.15811585497835498	0.0	0.471
7tn0_B_A_I	0.15811585497835498	0.0	0.647
7tn0_C_D_S	0.15811585497835498	0.0	0.647
7v26_a_b_A	0.1576422077922078	0.033	0.446
7v26_c_d_C	0.1576422077922078	0.0	0.446
7akd_D_E_C	0.1562559523809524	0.0	0.278
7lab_T_S_A	0.15489761904761903	0.0	0.623
7lab_Y_X_B	0.15489761904761903	0.0	0.623
7mzj_H_L_A	0.1546843253968254	0.0	0.798
7bep_A_B_E	0.15380833333333332	0.0	0.782
7nd8_H_L_B	0.15380833333333332	0.0	0.782
7k9j_I_M_B	0.1536625	0.0	0.268
7k9j_J_N_C	0.1536625	0.0	0.268
7k9k_H_L_A	0.1536625	0.0	0.268
7ljr_S_T_A	0.1535702380952381	0.0	0.469
7byr_H_L_B	0.1533017857142857	0.0	0.338
7n5h_H_L_A	0.15320654761904762	0.259	0.303
7bnv_H_L_A	0.14858809523809524	0.0	0.666
7bem_H_L_E	0.14794458874458874	0.022	0.433
7ben_G_I_C	0.14786071428571426	0.0	0.784
7orb_E_F_X	0.14786071428571426	0.0	0.784
7rkv_D_H_B	0.14755178571428568	0.25	0.546
7rkv_E_F_A	0.14755178571428568	0.333	0.546
7rkv_G_L_C	0.14755178571428568	0.258	0.546
7mf1_H_L_A	0.14755119047619045	0.0	0.471
7ra8_C_D_B	0.1474916666666667	0.45	0.27
7czy_H_K_A	0.14550279581529582	0.0	0.48
7k9z_H_L_E	0.1453697802197802	0.0	0.727
7e7x_M_N_B	0.14417058823529413	0.0	0.466
7l5b_H_L_A	0.14332895021645017	0.0	0.461
7w9f_A_B_E	0.14323333333333335	0.0	0.364
7s4s_H_L_A	0.14273585858585858	0.025	0.762
7k9h_I_M_C	0.14214761904761905	0.0	0.268
7cdi_H_L_E	0.14208690476190475	0.026	0.771
7l7e_C_D_b	0.14199484126984127	0.0	0.732
7l7e_E_F_G	0.14199484126984127	0.0	0.732
7qny_A_B_E	0.14197380952380953	0.0	0.519
6xdg_C_A_E	0.1408943070818071	0.0	0.555
7kzb_H_L_C	0.13995042735042737	0.385	0.792
7e7y_A_B_R	0.13946428571428574	0.0	0.559
7e7y_C_D_E	0.13946428571428574	0.0	0.559
7dk2_A_B_C	0.1394267857142857	0.025	0.816
7e86_A_B_C	0.13862261904761902	0.023	0.835
7e8c_H_L_A	0.13842361111111112	0.0	0.536
7e8f_H_L_A	0.13842361111111112	0.0	0.536
7czp_H_L_A	0.13799722222222222	0.056	0.369
7beh_H_L_E	0.1376840728715729	0.0	0.458
7nd7_F_G_B	0.1376840728715729	0.0	0.476
7nd7_J_K_C	0.1376840728715729	0.0	0.476
7ps4_B_C_A	0.1369345238095238	0.0	0.476
7lq7_P_Q_A	0.1367761904761905	0.188	0.721
7lq7_y_z_E	0.1367761904761905	0.194	0.721
7ps7_A_B_E	0.13423809523809524	0.042	0.47
7ps7_H_L_R	0.13423809523809524	0.04	0.47
7m6d_H_L_C	0.13318069985569986	0.0	0.755
7l7e_H_L_S	0.13289061355311355	0.0	0.664
7l7e_I_J_K	0.13289061355311355	0.0	0.664
7cm4_H_L_A	0.1327390873015873	0.0	0.339
7dcx_A_F_C	0.1324279761904762	0.481	0.489
7dcx_E_H_K	0.1324279761904762	0.225	0.489
7c01_C_D_B	0.13213095238095235	0.024	0.824
7dk0_A_B_C	0.13212142857142856	0.0	0.531
7jx3_C_D_R	0.1317194264069264	0.03	0.543
7pry_C_D_I	0.13160231990231988	0.0	0.658
7nd4_F_G_B	0.13149940476190478	0.033	0.462
7nd4_H_L_C	0.13149940476190478	0.032	0.462
7lxz_E_D_A	0.1303530497280497	0.0	0.281
7ej5_H_L_A	0.13012440476190476	0.0	0.462
7ej5_J_N_C	0.13012440476190476	0.0	0.462
7q6e_E_F_B	0.12939702380952384	0.0	0.672
7q6e_J_K_C	0.12939702380952384	0.0	0.672
7n8i_H_L_A	0.12849310966810967	0.0	0.372
7so9_C_B_A	0.12849310966810967	0.0	0.371
7soa_H_L_A	0.12849310966810967	0.0	0.371
7tm0_I_H_A	0.12849310966810967	0.0	0.373
7e3l_D_E_A	0.1279615800865801	0.0	0.651
7e88_A_B_C	0.12767619047619047	0.028	0.801
7e88_D_E_F	0.12767619047619047	0.027	0.801
7e88_G_H_I	0.12767619047619047	0.027	0.801
7ld1_P_O_A	0.1271142857142857	0.423	0.659
7k8x_E_G_A	0.12663849206349206	0.0	0.472
7lss_H_L_B	0.12588863636363637	0.036	0.257
7kn3_H_L_A	0.12580972222222223	0.026	0.764
7kqe_H_L_A	0.1253862554112554	0.435	0.358
7kqe_I_N_B	0.1253862554112554	0.417	0.358
7m7b_H_L_A	0.1253862554112554	0.476	0.358
7qnw_A_B_E	0.1253422619047619	0.111	0.713
7ly0_H_L_A	0.12521666666666667	0.0	0.331
7ly2_G_I_B	0.12521666666666667	0.0	0.331
7prz_H_L_E	0.1247672619047619	0.088	0.748
7sc1_M_N_B	0.12369583333333334	0.026	0.815
7djz_A_B_C	0.12314880952380952	0.0	0.669
7wd9_G_H_C	0.12175892857142859	0.0	0.467
7wk9_a_b_B	0.12175892857142859	0.0	0.467
7wk9_c_d_C	0.12175892857142859	0.0	0.467
7lrt_D_E_C	0.12174404761904764	0.0	0.664
7dk4_a_b_A	0.12102738095238094	0.0	0.477
7dk4_e_f_C	0.12102738095238094	0.0	0.477
7dk7_c_d_B	0.12102738095238094	0.0	0.477
7np1_H_L_A	0.12065833333333333	0.0	0.829
7np1_I_M_B	0.12065833333333333	0.0	0.829
7np1_J_N_C	0.12065833333333333	0.051	0.829
7np1_K_O_D	0.12065833333333333	0.028	0.829
7jmo_H_L_A	0.12028095238095239	0.023	0.752
7k8m_A_B_E	0.11998690476190477	0.026	0.762
7lcn_H_L_C	0.11990833333333333	0.0	0.469
7m42_B_A_E	0.11957023809523809	0.0	0.474
7kfv_C_D_B	0.11884166666666665	0.023	0.855
7kfv_F_G_E	0.11884166666666665	0.023	0.855
7pqz_A_B_E	0.11825773809523808	0.0	0.551
7l2c_C_D_B	0.11794821428571428	0.0	0.474
7l2c_H_L_A	0.11794821428571428	0.0	0.474
7q9f_H_L_A	0.1171852564102564	0.0	0.659
7q9f_J_K_C	0.1171852564102564	0.0	0.659
7ben_D_F_C	0.11701660561660562	0.0	0.68
7ben_H_L_E	0.11701660561660562	0.0	0.68
7ora_H_L_C	0.11701660561660562	0.0	0.68
7r8o_H_L_B	0.11694087301587301	0.0	0.461
7r8o_M_N_E	0.11694087301587301	0.0	0.461
7q9k_D_E_B	0.1164202380952381	0.0	0.738
7mmo_A_B_C	0.11500922459893048	0.069	0.55
7mmo_D_E_F	0.11500922459893048	0.069	0.55
7mzj_F_E_A	0.11481250000000001	0.0	0.57
7beo_C_D_X	0.11443327228327228	0.0	0.677
7beo_H_L_R	0.11443327228327228	0.0	0.677
7nd9_H_L_B	0.11443327228327228	0.0	0.645
7ks9_H_L_B	0.11434761904761903	0.023	0.82
6xc4_H_L_A	0.11409331501831502	0.0	0.772
6xc4_X_Y_Z	0.11409331501831502	0.0	0.772
6xc7_C_D_A	0.11409331501831502	0.0	0.772
7mzl_H_L_A	0.11307500000000001	0.0	0.619
7tas_H_L_E	0.11291428571428573	0.029	0.331
7tat_H_L_A	0.11291428571428573	0.0	0.331
7chs_H_L_E	0.11259146825396825	0.048	0.856
7e5y_C_B_A	0.1121309523809524	0.0	0.721
7mzf_H_L_A	0.11180238095238099	0.048	0.826
7ps2_A_B_G	0.11163333333333333	0.061	0.742
7czt_H_L_A	0.11152440476190478	0.026	0.41
7czr_H_K_A	0.1110852564102564	0.027	0.585
7eam_C_D_B	0.11071726190476192	0.0	0.488
7k9z_B_A_E	0.11010992063492064	0.0	0.681
7lxw_H_L_A	0.10907108585858585	0.0	0.319
7f62_H_L_A	0.10835192307692308	0.067	0.521
7ps6_H_L_E	0.10798095238095237	0.038	0.736
6xkq_H_L_A	0.10728941940412529	0.0	0.449
7m6g_R_S_B	0.10571428571428572	0.0	0.66
6xc2_H_L_A	0.10559166666666665	0.043	0.843
6xc3_B_A_C	0.10559166666666665	0.047	0.843
7n3i_H_L_C	0.10533571428571428	0.051	0.767
7kfw_C_D_B	0.10486666666666665	0.023	0.851
7ch5_H_L_R	0.10402916666666667	0.0	0.767
7r8l_H_L_E	0.10261547619047619	0.025	0.736
7bej_H_L_E	0.09661428571428571	0.067	0.837
7bek_H_L_E	0.09661428571428571	0.044	0.837
7nd6_H_L_B	0.09661428571428571	0.044	0.837
7f7e_C_L_E	0.09538452380952381	0.0	0.844
7k90_M_N_A	0.09009025974025972	0.0	0.552
7cwt_E_D_A	0.08683834776334777	0.148	0.362
7cyh_E_D_A	0.08683834776334777	0.115	0.362
7e5s_R_O_A	0.08683834776334777	0.125	0.55
7chf_H_L_R	0.08483750000000001	0.045	0.837
7e8c_D_E_C	0.08483750000000001	0.025	0.831
7e8c_O_Q_A	0.08483750000000001	0.024	0.831
7e8f_D_E_R	0.08483750000000001	0.024	0.83
7q9g_E_F_B	0.05300833333333333	0.0	0.362
