abname	sesascore	episim	absim
7dpm_A_B_C	0.6109523809523809	0.938	1.0
7dpm_G_H_I	0.6109523809523809	1.0	1.0
7dpm_J_K_L	0.6109523809523809	0.875	1.0
6w41_H_L_C	0.26016190476190476	0.241	0.664
6xc7_H_L_A	0.26016190476190476	0.296	0.664
7a5s_H_L_A	0.26016190476190476	0.172	0.604
7r8l_C_D_E	0.26016190476190476	0.308	0.664
7msq_H_L_A	0.23965555555555557	0.524	0.736
7kn3_H_L_A	0.21830089869281044	0.0	0.764
7wcz_a_b_A	0.20400535714285714	0.0	0.461
7wd7_a_b_A	0.20400535714285714	0.0	0.461
7lcn_H_L_C	0.203856746031746	0.0	0.469
7czy_H_K_A	0.19587886904761906	0.0	0.48
7mzk_N_M_B	0.1955849206349206	0.083	0.663
7rkv_D_H_B	0.1884839285714286	0.258	0.546
7rkv_E_F_A	0.1884839285714286	0.345	0.546
7rkv_G_L_C	0.1884839285714286	0.267	0.546
7l7e_C_D_b	0.18180793650793653	0.0	0.732
7l7e_E_F_G	0.18180793650793653	0.0	0.732
6xdg_B_D_E	0.1755061507936508	0.0	0.789
7lab_T_S_A	0.17481428571428576	0.0	0.623
7lab_Y_X_B	0.17481428571428576	0.0	0.623
7bnv_H_L_A	0.17289761904761905	0.0	0.666
7cah_E_D_A	0.168025	0.5	0.452
7cak_E_D_A	0.168025	0.545	0.648
7cwn_E_D_B	0.168025	0.5	0.626
7cwn_H_N_C	0.168025	0.5	0.626
7e5r_L_H_A	0.168025	0.45	0.648
7e5s_L_D_B	0.168025	0.478	0.648
7ra8_C_D_B	0.16692907329598505	0.4	0.27
7ps0_B_C_A	0.16613095238095238	0.0	0.47
7tht_a_c_S	0.16461891025641026	0.0	0.328
7tht_H_L_C	0.16461891025641026	0.0	0.328
7ben_G_I_C	0.1643416666666667	0.0	0.784
7orb_E_F_X	0.1643416666666667	0.0	0.784
7faf_g_f_B	0.16432500000000003	0.0	0.487
7n5h_H_L_A	0.16285357142857143	0.269	0.303
7qny_A_B_E	0.16008452380952382	0.0	0.519
7mf1_H_L_A	0.15903690476190477	0.0	0.471
7prz_H_L_E	0.1573204365079365	0.059	0.748
7cm4_H_L_A	0.15696091269841272	0.0	0.339
7l5b_H_L_A	0.15609027777777779	0.0	0.461
7k90_M_N_A	0.1557361111111111	0.0	0.552
7k9z_B_A_E	0.15509593837535013	0.0	0.681
7cdj_H_L_E	0.1550011904761905	0.0	0.829
7nd4_F_G_B	0.15458809523809525	0.0	0.462
7nd4_H_L_C	0.15458809523809525	0.0	0.462
7djz_A_B_C	0.1541916666666667	0.0	0.669
7beh_H_L_E	0.15156666666666666	0.0	0.458
7nd7_F_G_B	0.15156666666666666	0.0	0.476
7nd7_J_K_C	0.15156666666666666	0.0	0.476
7lq7_P_Q_A	0.1513059523809524	0.194	0.721
7lq7_y_z_E	0.1513059523809524	0.2	0.721
7ben_D_F_C	0.1500344304388422	0.0	0.68
7ben_H_L_E	0.1500344304388422	0.0	0.68
7ora_H_L_C	0.1500344304388422	0.0	0.68
7cwt_P_M_C	0.14996547619047618	0.0	0.272
7cwu_N_G_B	0.14996547619047618	0.0	0.272
7cwu_P_I_C	0.14996547619047618	0.0	0.272
7e5r_X_S_C	0.14996547619047618	0.0	0.272
7e5s_U_Q_B	0.14996547619047618	0.0	0.272
7m3i_H_L_R	0.14975515873015877	0.5	0.475
7e7x_M_N_B	0.14959242424242425	0.0	0.466
7s0e_H_L_A	0.14817738095238095	0.0	0.831
7ps4_B_C_A	0.14744484126984128	0.0	0.476
7k9j_I_M_B	0.1469869047619048	0.0	0.268
7k9j_J_N_C	0.1469869047619048	0.0	0.268
7k9k_H_L_A	0.1469869047619048	0.0	0.268
6zdg_B_C_A	0.1458583333333333	0.267	0.832
6zdh_D_F_B	0.1458583333333333	0.219	0.832
6zdh_G_I_C	0.1458583333333333	0.212	0.832
6zfo_B_C_A	0.1458583333333333	0.233	0.832
7nx9_H_L_E	0.1458583333333333	0.125	0.832
7nxa_H_L_E	0.1458583333333333	0.161	0.832
7nxb_H_L_E	0.1458583333333333	0.2	0.832
7qnw_H_L_E	0.1458583333333333	0.156	0.832
7czt_H_L_A	0.14429206349206347	0.026	0.41
7kmg_A_B_C	0.1441746031746032	0.0	0.676
6xdg_C_A_E	0.14392380952380956	0.0	0.555
7lrt_D_E_C	0.14382252567693746	0.0	0.664
7v26_a_b_A	0.14307738095238096	0.034	0.446
7v26_c_d_C	0.14307738095238096	0.0	0.446
7m42_B_A_E	0.14063571428571428	0.0	0.474
7beo_C_D_X	0.13983085901027079	0.0	0.677
7beo_H_L_R	0.13983085901027079	0.0	0.677
7nd9_H_L_B	0.13983085901027079	0.0	0.645
6xcn_B_D_A	0.13902222222222224	0.0	0.55
6xcn_H_L_C	0.13902222222222224	0.0	0.55
7l7e_H_L_S	0.13833046218487396	0.0	0.664
7l7e_I_J_K	0.13833046218487396	0.0	0.664
7kqe_H_L_A	0.13824682539682542	0.455	0.358
7kqe_I_N_B	0.13824682539682542	0.435	0.358
7m7b_H_L_A	0.13824682539682542	0.5	0.358
7pry_C_D_I	0.13754920634920637	0.0	0.658
7qnw_A_B_E	0.13754126984126985	0.074	0.713
7e3b_B_C_A	0.13724166666666668	0.0	0.502
7w9f_A_B_E	0.13553630952380952	0.0	0.364
7bep_A_B_E	0.13516845238095238	0.0	0.782
7nd8_H_L_B	0.13516845238095238	0.0	0.782
7k8x_E_G_A	0.1348011904761905	0.0	0.472
7kqb_H_L_A	0.13430119047619046	0.0	0.564
7kqb_K_J_C	0.13430119047619046	0.0	0.564
7sn3_F_G_B	0.1334111111111111	0.55	0.688
7sn3_H_L_C	0.1334111111111111	0.579	0.688
7czp_H_L_A	0.13320833333333332	0.028	0.369
7f7e_C_L_E	0.1331059523809524	0.0	0.844
7k8s_H_L_A	0.13252678571428572	0.0	0.821
7k8s_M_N_C	0.13252678571428572	0.0	0.821
7k8s_O_P_B	0.13252678571428572	0.0	0.821
7k8t_M_N_B	0.13252678571428572	0.0	0.821
7k8t_O_P_A	0.13252678571428572	0.0	0.821
7l2c_C_D_B	0.13240674603174601	0.0	0.474
7l2c_H_L_A	0.13240674603174601	0.0	0.474
7pqy_B_C_A	0.13189285714285715	0.0	0.814
7pqz_H_L_E	0.13189285714285715	0.0	0.814
7q0g_H_L_E	0.13189285714285715	0.0	0.814
7k9h_I_M_C	0.13065456349206345	0.0	0.268
7pqz_A_B_E	0.13048809523809524	0.0	0.551
7byr_H_L_B	0.13031944444444446	0.0	0.338
7k9z_H_L_E	0.12976527777777777	0.0	0.727
7ps2_A_B_G	0.1289815476190476	0.03	0.742
7wd9_G_H_C	0.1279563492063492	0.0	0.467
7wk9_a_b_B	0.1279563492063492	0.0	0.467
7wk9_c_d_C	0.1279563492063492	0.0	0.467
7jx3_C_D_R	0.1277154761904762	0.0	0.543
7kmk_I_M_B	0.12770238095238096	0.0	0.802
7kxk_I_M_B	0.12770238095238096	0.0	0.802
7e7y_A_B_R	0.12740714285714286	0.0	0.559
7e7y_C_D_E	0.12740714285714286	0.0	0.559
7e3l_D_E_A	0.12676498599439776	0.0	0.651
7lss_H_L_B	0.12628333333333333	0.037	0.257
6wps_C_D_B	0.12549007936507936	0.0	0.274
6wpt_D_E_A	0.12549007936507936	0.0	0.274
7bep_H_L_E	0.12549007936507936	0.0	0.648
7jx3_A_B_R	0.12549007936507936	0.0	0.647
7l0n_C_D_S	0.12549007936507936	0.0	0.647
7tly_A_B_I	0.12549007936507936	0.0	0.471
7tn0_B_A_I	0.12549007936507936	0.0	0.647
7tn0_C_D_S	0.12549007936507936	0.0	0.647
7kzb_H_L_C	0.12533021978021977	0.4	0.792
7r6x_H_L_R	0.12482539682539684	0.2	0.826
7ps6_H_L_E	0.12435833333333335	0.0	0.736
7n8i_H_L_A	0.123375	0.0	0.372
7so9_C_B_A	0.123375	0.0	0.371
7soa_H_L_A	0.123375	0.0	0.371
7tm0_I_H_A	0.123375	0.0	0.373
7mmo_A_B_C	0.12321266233766233	0.034	0.55
7mmo_D_E_F	0.12321266233766233	0.034	0.55
7mzj_H_L_A	0.12304027777777778	0.0	0.798
7mzl_H_L_A	0.12217857142857143	0.0	0.619
7f62_H_L_A	0.12194047619047621	0.033	0.521
7bem_H_L_E	0.12147916666666667	0.0	0.433
7dcx_A_F_C	0.12126904761904762	0.444	0.489
7dcx_E_H_K	0.12126904761904762	0.231	0.489
7r8o_H_L_B	0.12118242827434005	0.0	0.461
7r8o_M_N_E	0.12118242827434005	0.0	0.461
6xkq_H_L_A	0.12086428571428573	0.0	0.449
7lxw_H_L_A	0.11710496031746032	0.0	0.319
7ej5_H_L_A	0.11622380952380952	0.0	0.462
7ej5_J_N_C	0.11622380952380952	0.0	0.462
7e8c_H_L_A	0.11579950980392158	0.0	0.536
7e8f_H_L_A	0.11579950980392158	0.0	0.536
7e86_A_B_C	0.11525714285714286	0.0	0.835
7bel_A_B_R	0.11396320028011203	0.0	0.773
7bel_C_D_X	0.11396320028011203	0.0	0.773
7ora_D_E_C	0.11396320028011203	0.0	0.793
7cwt_E_D_A	0.112375	0.111	0.362
7cyh_E_D_A	0.112375	0.077	0.362
7e5s_R_O_A	0.112375	0.083	0.55
7e88_A_B_C	0.11222738095238094	0.0	0.801
7e88_D_E_F	0.11222738095238094	0.0	0.801
7e88_G_H_I	0.11222738095238094	0.0	0.801
7lxz_E_D_A	0.1120875	0.0	0.281
7ljr_S_T_A	0.11194444444444444	0.0	0.469
7mzf_H_L_A	0.11188630952380954	0.024	0.826
7akd_D_E_C	0.11168194444444446	0.0	0.278
7ps7_A_B_E	0.1113452380952381	0.0	0.47
7ps7_H_L_R	0.1113452380952381	0.0	0.47
7chs_H_L_E	0.1102029761904762	0.024	0.856
7e8f_C_B_R	0.10843769841269842	0.0	0.737
7dk2_A_B_C	0.10832678571428571	0.0	0.816
7q9k_D_E_B	0.10774523809523809	0.0	0.738
7ld1_P_O_A	0.10748333333333333	0.385	0.659
7eam_C_D_B	0.10664880952380953	0.0	0.488
7cwn_G_F_A	0.10575357142857143	0.0	0.808
7e5r_M_U_A	0.10575357142857143	0.0	0.412
7e5r_T_V_B	0.10575357142857143	0.0	0.412
7e5s_I_K_B	0.10575357142857143	0.0	0.412
7dk0_A_B_C	0.10484404761904761	0.0	0.531
7chc_A_B_R	0.10426626984126984	0.0	0.737
7che_A_B_R	0.10426626984126984	0.0	0.737
7chh_D_E_A	0.10426626984126984	0.0	0.737
7chh_J_K_C	0.10426626984126984	0.0	0.737
7tas_H_L_E	0.10379065656565657	0.0	0.331
7tat_H_L_A	0.10379065656565657	0.0	0.331
7q9f_H_L_A	0.10341785714285716	0.0	0.659
7q9f_J_K_C	0.10341785714285716	0.0	0.659
7m6d_H_L_C	0.10262629551820729	0.0	0.755
7s4s_H_L_A	0.10249047619047619	0.0	0.762
7kfv_C_D_B	0.10203293650793652	0.0	0.855
7kfv_F_G_E	0.10203293650793652	0.0	0.855
7cdi_H_L_E	0.10076488095238095	0.0	0.771
7q6e_E_F_B	0.1002482142857143	0.0	0.672
7q6e_J_K_C	0.1002482142857143	0.0	0.672
7np1_H_L_A	0.09976547619047621	0.0	0.829
7np1_I_M_B	0.09976547619047621	0.0	0.829
7np1_J_N_C	0.09976547619047621	0.026	0.829
7np1_K_O_D	0.09976547619047621	0.0	0.829
7ks9_H_L_B	0.09960833333333333	0.0	0.82
7jmo_H_L_A	0.09931855742296919	0.0	0.752
7k8m_A_B_E	0.09869642857142859	0.0	0.762
7c01_C_D_B	0.09846507936507935	0.024	0.824
7e5y_C_B_A	0.09833690476190475	0.0	0.721
7ly0_H_L_A	0.09403888888888891	0.0	0.331
7ly2_G_I_B	0.09403888888888891	0.0	0.331
7sc1_M_N_B	0.09334464285714286	0.027	0.815
7n3i_H_L_C	0.0922840336134454	0.026	0.767
6xc4_H_L_A	0.09228021978021977	0.0	0.772
6xc4_X_Y_Z	0.09228021978021977	0.0	0.772
6xc7_C_D_A	0.09228021978021977	0.0	0.772
7m6g_R_S_B	0.09216785714285715	0.0	0.66
7mzj_F_E_A	0.09110357142857142	0.0	0.57
7ch5_H_L_R	0.09077500000000001	0.0	0.767
6xc2_H_L_A	0.08259404761904761	0.022	0.843
6xc3_B_A_C	0.08259404761904761	0.023	0.843
7czr_H_K_A	0.08197261904761904	0.0	0.585
7r8l_H_L_E	0.08018690476190475	0.0	0.736
7chf_H_L_R	0.0792625	0.023	0.837
7e8c_D_E_C	0.0792625	0.0	0.831
7e8c_O_Q_A	0.0792625	0.0	0.831
7e8f_D_E_R	0.0792625	0.0	0.83
7kfw_C_D_B	0.07506626984126984	0.0	0.851
7dk4_a_b_A	0.07395714285714286	0.0	0.477
7dk4_e_f_C	0.07395714285714286	0.0	0.477
7dk7_c_d_B	0.07395714285714286	0.0	0.477
7bej_H_L_E	0.062108333333333335	0.044	0.837
7bek_H_L_E	0.062108333333333335	0.022	0.837
7nd6_H_L_B	0.062108333333333335	0.022	0.837
7q9g_E_F_B	0.04173214285714286	0.0	0.362
