abname	sesascore	episim	absim
7ben_D_F_C	0.37618023049645394	0.733	0.89
7ben_H_L_E	0.37618023049645394	0.733	0.89
7ora_H_L_C	0.37618023049645394	0.667	0.89
7beo_C_D_X	0.37265085986708324	0.786	0.898
7beo_H_L_R	0.37265085986708324	0.733	0.898
7nd9_H_L_B	0.37265085986708324	0.733	0.855
7e3l_D_E_A	0.36672516233766234	1.0	1.0
7lrt_D_E_C	0.34994599567099566	0.533	0.915
7l7e_H_L_S	0.3358607142857143	0.714	0.89
7l7e_I_J_K	0.3358607142857143	0.625	0.89
7wcz_a_b_A	0.3083767857142857	0.294	0.485
7wd7_a_b_A	0.3083767857142857	0.312	0.485
7qnw_A_B_E	0.3053107142857143	0.0	0.654
7cwt_P_M_C	0.24160357142857142	0.0	0.306
7cwu_N_G_B	0.24160357142857142	0.0	0.306
7cwu_P_I_C	0.24160357142857142	0.0	0.306
7e5r_X_S_C	0.24160357142857142	0.0	0.306
7e5s_U_Q_B	0.24160357142857142	0.0	0.306
7cwt_E_D_A	0.2351083333333333	0.0	0.322
7cyh_E_D_A	0.2351083333333333	0.0	0.322
7e5s_R_O_A	0.2351083333333333	0.0	0.492
7mzk_N_M_B	0.21956657329598508	0.0	0.722
7czy_H_K_A	0.21777261904761905	0.529	0.528
7lxz_E_D_A	0.21745017097264438	0.227	0.391
7faf_g_f_B	0.20722499999999996	0.0	0.504
7cwn_G_F_A	0.20451872294372297	0.3	0.682
7e5r_M_U_A	0.20451872294372297	0.263	0.317
7e5r_T_V_B	0.20451872294372297	0.278	0.317
7e5s_I_K_B	0.20451872294372297	0.304	0.317
6w41_H_L_C	0.20375833333333332	0.0	0.69
6xc7_H_L_A	0.20375833333333332	0.0	0.69
7a5s_H_L_A	0.20375833333333332	0.0	0.624
7r8l_C_D_E	0.20375833333333332	0.0	0.69
7n8i_H_L_A	0.2033	0.0	0.28
7so9_C_B_A	0.2033	0.0	0.279
7soa_H_L_A	0.2033	0.0	0.279
7tm0_I_H_A	0.2033	0.0	0.281
7ps0_B_C_A	0.20208333333333334	0.04	0.447
7q9f_H_L_A	0.194425	0.0	0.788
7q9f_J_K_C	0.194425	0.0	0.788
7e7x_M_N_B	0.19042718253968252	0.0	0.494
7ben_G_I_C	0.190175	0.037	0.649
7orb_E_F_X	0.190175	0.036	0.649
7mzj_H_L_A	0.18934444444444445	0.029	0.677
7ps4_B_C_A	0.18076091269841266	0.04	0.477
7e7y_A_B_R	0.17377261904761906	0.625	0.462
7e7y_C_D_E	0.17377261904761906	0.6	0.462
7m6g_R_S_B	0.17119880952380953	0.038	0.808
7kqb_H_L_A	0.16948333333333335	0.28	0.485
7kqb_K_J_C	0.16948333333333335	0.269	0.485
7prz_H_L_E	0.16947500000000001	0.172	0.648
7e8f_C_B_R	0.16889848484848485	0.091	0.651
7q6e_E_F_B	0.16792380952380953	0.0	0.812
7q6e_J_K_C	0.16792380952380953	0.0	0.812
7jx3_C_D_R	0.167629329004329	0.107	0.463
7k9z_H_L_E	0.16682857142857144	0.069	0.732
7v26_a_b_A	0.166625	0.0	0.424
7v26_c_d_C	0.166625	0.0	0.424
7beh_H_L_E	0.16439166666666666	0.316	0.486
7nd7_F_G_B	0.16439166666666666	0.3	0.505
7nd7_J_K_C	0.16439166666666666	0.286	0.505
7r6x_H_L_R	0.16292500000000001	0.0	0.655
6xdg_B_D_E	0.16270833333333334	0.333	0.659
6zdg_B_C_A	0.16221666666666668	0.0	0.667
6zdh_D_F_B	0.16221666666666668	0.0	0.667
6zdh_G_I_C	0.16221666666666668	0.0	0.667
6zfo_B_C_A	0.16221666666666668	0.0	0.667
7nx9_H_L_E	0.16221666666666668	0.0	0.667
7nxa_H_L_E	0.16221666666666668	0.0	0.667
7nxb_H_L_E	0.16221666666666668	0.0	0.667
7qnw_H_L_E	0.16221666666666668	0.0	0.667
7pry_C_D_I	0.16088097943722945	0.0	0.681
7akd_D_E_C	0.1600891590678825	0.0	0.31
7chc_A_B_R	0.1593568181818182	0.091	0.651
7che_A_B_R	0.1593568181818182	0.095	0.651
7chh_D_E_A	0.1593568181818182	0.143	0.651
7chh_J_K_C	0.1593568181818182	0.19	0.651
7dpm_A_B_C	0.15683174603174604	0.0	0.651
7dpm_G_H_I	0.15683174603174604	0.0	0.651
7dpm_J_K_L	0.15683174603174604	0.0	0.651
7bep_A_B_E	0.15596428571428572	0.263	0.627
7nd8_H_L_B	0.15596428571428572	0.263	0.627
7n5h_H_L_A	0.15585833333333335	0.0	0.336
7czt_H_L_A	0.15551984126984125	0.194	0.358
7msq_H_L_A	0.155075	0.0	0.647
7e3b_B_C_A	0.15438333333333332	0.0	0.477
7czp_H_L_A	0.15388409090909094	0.129	0.35
6xkq_H_L_A	0.1538232142857143	0.409	0.485
7q9k_D_E_B	0.1535238095238095	0.0	0.722
7byr_H_L_B	0.1521770562770563	0.174	0.322
7l7e_C_D_b	0.14979880952380953	0.074	0.65
7l7e_E_F_G	0.14979880952380953	0.074	0.65
7cdj_H_L_E	0.14960714285714286	0.292	0.676
7m42_B_A_E	0.14874999999999997	0.263	0.498
7ljr_S_T_A	0.1485238095238095	0.233	0.521
7l2c_C_D_B	0.14803968253968253	0.0	0.493
7l2c_H_L_A	0.14803968253968253	0.0	0.493
7kn3_H_L_A	0.14779166666666665	0.333	0.675
7f62_H_L_A	0.14596058763931105	0.074	0.474
7k9j_I_M_B	0.14395712239050348	0.0	0.315
7k9j_J_N_C	0.14395712239050348	0.0	0.315
7k9k_H_L_A	0.14395712239050348	0.0	0.315
7dk0_A_B_C	0.14377083333333335	0.231	0.624
7k8x_E_G_A	0.14321666666666666	0.19	0.506
7l5b_H_L_A	0.14280416666666668	0.318	0.495
7cm4_H_L_A	0.142379329004329	0.192	0.334
7k90_M_N_A	0.14142500000000002	0.316	0.446
7ps7_A_B_E	0.1412798611111111	0.0	0.45
7ps7_H_L_R	0.1412798611111111	0.045	0.45
7k9z_B_A_E	0.14119086746586748	0.562	0.749
7bnv_H_L_A	0.13908571428571428	0.0	0.729
7kqe_H_L_A	0.13895476190476194	0.0	0.346
7kqe_I_N_B	0.13895476190476194	0.0	0.346
7m7b_H_L_A	0.13895476190476194	0.0	0.346
7m3i_H_L_R	0.13870833333333332	0.0	0.464
7sn3_F_G_B	0.13863124999999998	0.0	0.653
7sn3_H_L_C	0.13863124999999998	0.0	0.653
7s0e_H_L_A	0.1366026515151515	0.0	0.663
7ej5_H_L_A	0.13645238095238096	0.471	0.483
7ej5_J_N_C	0.13645238095238096	0.375	0.483
7lab_T_S_A	0.13594821428571427	0.0	0.766
7lab_Y_X_B	0.13594821428571427	0.0	0.766
6xcn_B_D_A	0.1341642857142857	0.25	0.45
6xcn_H_L_C	0.1341642857142857	0.25	0.45
7nd4_F_G_B	0.13303333333333336	0.217	0.438
7nd4_H_L_C	0.13303333333333336	0.261	0.438
7pqz_A_B_E	0.13240833333333332	0.0	0.466
7cah_E_D_A	0.13115277777777778	0.0	0.499
7cak_E_D_A	0.13115277777777778	0.0	0.694
7cwn_E_D_B	0.13115277777777778	0.0	0.684
7cwn_H_N_C	0.13115277777777778	0.0	0.684
7e5r_L_H_A	0.13115277777777778	0.0	0.694
7e5s_L_D_B	0.13115277777777778	0.0	0.694
7kmg_A_B_C	0.13107261904761908	0.261	0.693
7chs_H_L_E	0.13098809523809524	0.281	0.672
6wps_C_D_B	0.13096666666666668	0.0	0.399
6wpt_D_E_A	0.13096666666666668	0.0	0.399
7bep_H_L_E	0.13096666666666668	0.0	0.8
7jx3_A_B_R	0.13096666666666668	0.0	0.803
7l0n_C_D_S	0.13096666666666668	0.0	0.803
7tly_A_B_I	0.13096666666666668	0.0	0.62
7tn0_B_A_I	0.13096666666666668	0.0	0.803
7tn0_C_D_S	0.13096666666666668	0.0	0.803
7mf1_H_L_A	0.13081190476190477	0.077	0.495
7k8s_H_L_A	0.12993214285714288	0.273	0.669
7k8s_M_N_C	0.12993214285714288	0.25	0.669
7k8s_O_P_B	0.12993214285714288	0.278	0.669
7k8t_M_N_B	0.12993214285714288	0.136	0.669
7k8t_O_P_A	0.12993214285714288	0.231	0.669
6xdg_C_A_E	0.12890238095238096	0.0	0.469
7lss_H_L_B	0.12812976190476189	0.0	0.242
7rkv_D_H_B	0.12803809523809526	0.0	0.462
7rkv_E_F_A	0.12803809523809526	0.0	0.462
7rkv_G_L_C	0.12803809523809526	0.0	0.462
7djz_A_B_C	0.12775427170868345	0.269	0.786
7s4s_H_L_A	0.1273345238095238	0.31	0.719
7r8o_H_L_B	0.12718015873015873	0.222	0.492
7r8o_M_N_E	0.12718015873015873	0.24	0.492
7e86_A_B_C	0.12424761904761904	0.323	0.669
7jmo_H_L_A	0.12368923902894491	0.281	0.733
7n3i_H_L_C	0.12358571428571428	0.31	0.741
7tht_a_c_S	0.12330357142857144	0.185	0.339
7tht_H_L_C	0.12330357142857144	0.222	0.339
7tas_H_L_E	0.12304761904761904	0.222	0.266
7tat_H_L_A	0.12304761904761904	0.238	0.266
7czr_H_K_A	0.12244437229437229	0.25	0.488
7mzl_H_L_A	0.12114047619047619	0.444	0.665
7ps6_H_L_E	0.12067380952380953	0.0	0.653
7qny_A_B_E	0.12032058823529411	0.033	0.448
7dk4_a_b_A	0.11845833333333333	0.286	0.479
7dk4_e_f_C	0.11845833333333333	0.308	0.479
7dk7_c_d_B	0.11845833333333333	0.25	0.479
7c01_C_D_B	0.11771547619047619	0.29	0.656
7mzf_H_L_A	0.11726726190476192	0.281	0.662
7w9f_A_B_E	0.11647321428571428	0.389	0.371
7kmk_I_M_B	0.11487738095238093	0.429	0.663
7kxk_I_M_B	0.11487738095238093	0.333	0.663
7e8c_H_L_A	0.11444751082251083	0.0	0.458
7e8f_H_L_A	0.11444751082251083	0.0	0.458
7np1_H_L_A	0.11441904761904763	0.375	0.661
7np1_I_M_B	0.11441904761904763	0.32	0.661
7np1_J_N_C	0.11441904761904763	0.31	0.661
7np1_K_O_D	0.11441904761904763	0.308	0.661
7mmo_A_B_C	0.1143875	0.0	0.539
7mmo_D_E_F	0.1143875	0.0	0.539
7f7e_C_L_E	0.1103375	0.0	0.647
7lcn_H_L_C	0.11021527777777779	0.0	0.501
7lxw_H_L_A	0.10953690476190477	0.0	0.261
7e5y_C_B_A	0.1094952380952381	0.4	0.603
7ks9_H_L_B	0.10879166666666668	0.235	0.656
7ps2_A_B_G	0.10816250000000001	0.143	0.655
7mzj_F_E_A	0.10696785714285713	0.5	0.465
7e88_A_B_C	0.10512765151515152	0.36	0.64
7e88_D_E_F	0.10512765151515152	0.346	0.64
7e88_G_H_I	0.10512765151515152	0.296	0.64
7r8l_H_L_E	0.104425	0.31	0.727
7k9h_I_M_C	0.10440297619047621	0.15	0.239
7lq7_P_Q_A	0.10092619047619047	0.0	0.713
7lq7_y_z_E	0.10092619047619047	0.0	0.713
7m6d_H_L_C	0.100440873015873	0.346	0.729
7k8m_A_B_E	0.09954563492063492	0.286	0.743
7kzb_H_L_C	0.09943154761904761	0.0	0.644
7eam_C_D_B	0.09932083333333333	0.0	0.46
7bej_H_L_E	0.09670238095238094	0.216	0.661
7bek_H_L_E	0.09670238095238094	0.222	0.661
7nd6_H_L_B	0.09670238095238094	0.222	0.661
7bel_A_B_R	0.09347916666666665	0.0	0.643
7bel_C_D_X	0.09347916666666665	0.0	0.643
7ora_D_E_C	0.09347916666666665	0.0	0.656
7wd9_G_H_C	0.09327083333333334	0.0	0.489
7wk9_a_b_B	0.09327083333333334	0.0	0.489
7wk9_c_d_C	0.09327083333333334	0.0	0.489
7ly0_H_L_A	0.09212222222222223	0.0	0.27
7ly2_G_I_B	0.09212222222222223	0.0	0.27
7pqy_B_C_A	0.0881875	0.321	0.658
7pqz_H_L_E	0.0881875	0.276	0.658
7q0g_H_L_E	0.0881875	0.333	0.658
7ra8_C_D_B	0.08798333333333333	0.0	0.313
7bem_H_L_E	0.08542261904761904	0.229	0.324
6xc2_H_L_A	0.08521666666666665	0.25	0.669
6xc3_B_A_C	0.08521666666666665	0.273	0.669
7dk2_A_B_C	0.08409940476190476	0.31	0.669
7cdi_H_L_E	0.08204166666666665	0.321	0.752
7kfv_C_D_B	0.07962380952380954	0.281	0.663
7kfv_F_G_E	0.07962380952380954	0.281	0.663
6xc4_H_L_A	0.07778915906788247	0.286	0.76
6xc4_X_Y_Z	0.07778915906788247	0.286	0.76
6xc7_C_D_A	0.07778915906788247	0.296	0.76
7dcx_A_F_C	0.07702500000000001	0.0	0.453
7dcx_E_H_K	0.07702500000000001	0.045	0.453
7ch5_H_L_R	0.07607361111111112	0.357	0.73
7sc1_M_N_B	0.07308333333333333	0.161	0.646
7chf_H_L_R	0.06423412698412699	0.265	0.661
7e8c_D_E_C	0.06423412698412699	0.31	0.665
7e8c_O_Q_A	0.06423412698412699	0.3	0.665
7e8f_D_E_R	0.06423412698412699	0.29	0.664
7ld1_P_O_A	0.06330555555555555	0.0	0.728
7kfw_C_D_B	0.05806666666666667	0.281	0.663
7q9g_E_F_B	0.04287738095238096	0.0	0.34
