abname	sesascore	episim	absim
7lrt_D_E_C	0.4001446428571428	0.615	0.469
7e3l_D_E_A	0.3404416125541125	0.6	0.462
7cwt_E_D_A	0.33941962481962473	0.0	0.319
7cyh_E_D_A	0.33941962481962473	0.0	0.319
7e5s_R_O_A	0.33941962481962473	0.0	0.506
7pry_C_D_I	0.333452380952381	0.0	0.467
7beo_C_D_X	0.32996581890331883	0.533	0.472
7beo_H_L_R	0.32996581890331883	0.6	0.472
7nd9_H_L_B	0.32996581890331883	0.5	0.457
7ben_D_F_C	0.32916343795093794	0.6	0.472
7ben_H_L_E	0.32916343795093794	0.5	0.472
7ora_H_L_C	0.32916343795093794	0.438	0.472
7l7e_H_L_S	0.2459369047619048	0.692	0.471
7l7e_I_J_K	0.2459369047619048	0.714	0.471
7ps6_H_L_E	0.2413690476190476	0.0	0.485
7m6g_R_S_B	0.2210460317460318	0.0	0.482
7q9k_D_E_B	0.20158273809523808	0.0	0.483
7wcz_a_b_A	0.2003714285714286	0.429	0.367
7wd7_a_b_A	0.2003714285714286	0.462	0.367
7beh_H_L_E	0.18682500000000002	0.278	0.672
7nd7_F_G_B	0.18682500000000002	0.263	0.705
7nd7_J_K_C	0.18682500000000002	0.25	0.705
7mzk_N_M_B	0.16707599206349208	0.0	0.472
7f7e_C_L_E	0.16339285714285717	0.0	0.566
7lxz_E_D_A	0.16224226190476193	0.19	0.256
7ps0_B_C_A	0.1574571428571429	0.043	0.714
7e7y_A_B_R	0.15595873015873013	0.846	1.0
7e7y_C_D_E	0.15595873015873013	1.0	1.0
7jx3_C_D_R	0.15455218253968253	0.074	0.733
7prz_H_L_E	0.15323749999999997	0.103	0.53
7czt_H_L_A	0.14645454545454545	0.207	0.522
7czy_H_K_A	0.1413811327561328	0.5	0.366
7byr_H_L_B	0.14099404761904763	0.19	0.276
7k9h_I_M_C	0.13548214285714286	0.167	0.264
7f62_H_L_A	0.13475581501831502	0.038	0.396
7k9z_B_A_E	0.13422843406593404	0.643	0.482
7qnw_A_B_E	0.13355	0.0	0.481
7dk0_A_B_C	0.13320833333333332	0.304	0.62
7kqe_H_L_A	0.13260535714285715	0.0	0.47
7kqe_I_N_B	0.13260535714285715	0.0	0.47
7m7b_H_L_A	0.13260535714285715	0.0	0.47
7chc_A_B_R	0.1314357142857143	0.1	0.525
7che_A_B_R	0.1314357142857143	0.105	0.525
7chh_D_E_A	0.1314357142857143	0.158	0.525
7chh_J_K_C	0.1314357142857143	0.211	0.525
7ljr_S_T_A	0.12968668831168834	0.296	0.353
7v26_a_b_A	0.1293884448884449	0.0	0.665
7v26_c_d_C	0.1293884448884449	0.0	0.665
7n8i_H_L_A	0.12925357142857144	0.0	0.336
7so9_C_B_A	0.12925357142857144	0.0	0.338
7soa_H_L_A	0.12925357142857144	0.0	0.338
7tm0_I_H_A	0.12925357142857144	0.0	0.34
7e8f_C_B_R	0.12906071428571428	0.1	0.522
7w9f_A_B_E	0.1290503787878788	0.438	0.3
7ps4_B_C_A	0.12618510101010103	0.043	0.647
7mzj_H_L_A	0.12607830086580085	0.0	0.531
7ps7_A_B_E	0.1253793650793651	0.0	0.632
7ps7_H_L_R	0.1253793650793651	0.0	0.632
7kn3_H_L_A	0.12383273809523808	0.36	0.549
7ej5_H_L_A	0.1234979797979798	0.643	0.35
7ej5_J_N_C	0.1234979797979798	0.667	0.35
7sn3_F_G_B	0.12237857142857143	0.0	0.492
7sn3_H_L_C	0.12237857142857143	0.0	0.492
7cdj_H_L_E	0.12087018398268397	0.318	0.544
7bep_A_B_E	0.11975988455988455	0.294	0.524
7nd8_H_L_B	0.11975988455988455	0.294	0.524
7q6e_E_F_B	0.11917500000000002	0.0	0.472
7q6e_J_K_C	0.11917500000000002	0.0	0.472
7cwn_G_F_A	0.1185529761904762	0.263	0.542
7e5r_M_U_A	0.1185529761904762	0.294	0.354
7e5r_T_V_B	0.1185529761904762	0.312	0.354
7e5s_I_K_B	0.1185529761904762	0.333	0.354
7m42_B_A_E	0.11840833333333335	0.222	0.706
7k9j_I_M_B	0.11836547619047619	0.0	0.26
7k9j_J_N_C	0.11836547619047619	0.0	0.26
7k9k_H_L_A	0.11836547619047619	0.0	0.26
6xkq_H_L_A	0.11706666666666667	0.381	0.658
7l2c_C_D_B	0.11682023809523812	0.0	0.694
7l2c_H_L_A	0.11682023809523812	0.0	0.694
7k9z_H_L_E	0.11647301587301587	0.036	0.483
7mzl_H_L_A	0.11576011904761906	0.321	0.442
7q9f_H_L_A	0.11543095238095238	0.0	0.462
7q9f_J_K_C	0.11543095238095238	0.0	0.462
7ben_G_I_C	0.11451305916305914	0.0	0.536
7orb_E_F_X	0.11451305916305914	0.0	0.536
7m3i_H_L_R	0.11451226551226551	0.0	0.635
7e3b_B_C_A	0.11355701754385966	0.0	0.374
7tas_H_L_E	0.11330019841269841	0.24	0.349
7tat_H_L_A	0.11330019841269841	0.263	0.349
6xdg_B_D_E	0.11295357142857143	0.375	0.539
7faf_g_f_B	0.11155357142857143	0.0	0.35
7pqz_A_B_E	0.11097857142857143	0.0	0.758
7czp_H_L_A	0.10966111111111113	0.1	0.507
7msq_H_L_A	0.10824956709956708	0.0	0.474
7r8l_H_L_E	0.1075702380952381	0.2	0.567
7ly0_H_L_A	0.10623344155844155	0.0	0.344
7ly2_G_I_B	0.10623344155844155	0.0	0.344
7akd_D_E_C	0.10595277777777778	0.0	0.262
7n3i_H_L_C	0.105475	0.2	0.569
7c01_C_D_B	0.1053297619047619	0.188	0.556
7mzf_H_L_A	0.10403053196803197	0.219	0.554
7bnv_H_L_A	0.10371831501831501	0.0	0.472
7lcn_H_L_C	0.10342380952380953	0.0	0.691
7lss_H_L_B	0.10268901098901098	0.0	0.312
7chs_H_L_E	0.10188095238095238	0.182	0.574
7e86_A_B_C	0.10168809523809524	0.219	0.566
7bem_H_L_E	0.1014267316017316	0.139	0.397
7s4s_H_L_A	0.0999218253968254	0.2	0.552
6xcn_B_D_A	0.0999093253968254	0.167	0.804
6xcn_H_L_C	0.0999093253968254	0.167	0.804
7djz_A_B_C	0.09980297619047619	0.24	0.475
7kzb_H_L_C	0.09976028138528137	0.0	0.523
6xdg_C_A_E	0.09965714285714285	0.0	0.822
7lxw_H_L_A	0.09959242424242422	0.0	0.327
7mmo_A_B_C	0.09936043956043956	0.0	0.506
7mmo_D_E_F	0.09936043956043956	0.0	0.506
7kmg_A_B_C	0.09910871212121213	0.286	0.451
7ks9_H_L_B	0.09898571428571427	0.143	0.577
7ps2_A_B_G	0.09852678571428572	0.111	0.534
7cm4_H_L_A	0.09823888888888889	0.16	0.452
7kfv_C_D_B	0.09707916666666665	0.182	0.573
7kfv_F_G_E	0.09707916666666665	0.182	0.573
7jmo_H_L_A	0.09687916666666667	0.182	0.549
7m6d_H_L_C	0.09644978354978355	0.222	0.55
7s0e_H_L_A	0.09506574770258981	0.0	0.556
7bej_H_L_E	0.09495595238095239	0.162	0.559
7bek_H_L_E	0.09495595238095239	0.167	0.559
7nd6_H_L_B	0.09495595238095239	0.167	0.559
7kqb_H_L_A	0.09459216711650921	0.25	0.418
7kqb_K_J_C	0.09459216711650921	0.292	0.418
7e7x_M_N_B	0.09443273809523811	0.0	0.706
7r8o_H_L_B	0.09378690476190477	0.192	0.615
7r8o_M_N_E	0.09378690476190477	0.208	0.615
7lab_T_S_A	0.09317321428571429	0.0	0.473
7lab_Y_X_B	0.09317321428571429	0.0	0.473
7np1_H_L_A	0.0926654761904762	0.24	0.557
7np1_I_M_B	0.0926654761904762	0.24	0.557
7np1_J_N_C	0.0926654761904762	0.2	0.557
7np1_K_O_D	0.0926654761904762	0.185	0.557
7r6x_H_L_R	0.09241527777777779	0.0	0.54
7eam_C_D_B	0.09197424242424244	0.0	0.391
7k8x_E_G_A	0.09158849206349205	0.211	0.729
7n5h_H_L_A	0.09080238095238095	0.0	0.287
6xc2_H_L_A	0.08822359307359308	0.162	0.569
6xc3_B_A_C	0.08822359307359308	0.176	0.569
7k90_M_N_A	0.08811742424242423	0.353	0.81
7dk2_A_B_C	0.0860349025974026	0.241	0.541
7e5y_C_B_A	0.08550416666666666	0.269	0.59
7k8m_A_B_E	0.0854625	0.214	0.551
7qny_A_B_E	0.08529444444444445	0.036	0.698
7kfw_C_D_B	0.08486130952380952	0.182	0.567
7mf1_H_L_A	0.08399761904761904	0.083	0.708
7kmk_I_M_B	0.0837676406926407	0.4	0.545
7kxk_I_M_B	0.0837676406926407	0.3	0.545
7ra8_C_D_B	0.08322121212121211	0.0	0.305
7l5b_H_L_A	0.08235416666666667	0.35	0.705
7tht_a_c_S	0.08139145021645022	0.25	0.276
7tht_H_L_C	0.08139145021645022	0.24	0.276
7k8s_H_L_A	0.08062142857142857	0.238	0.54
7k8s_M_N_C	0.08062142857142857	0.211	0.54
7k8s_O_P_B	0.08062142857142857	0.235	0.54
7k8t_M_N_B	0.08062142857142857	0.15	0.54
7k8t_O_P_A	0.08062142857142857	0.2	0.54
6w41_H_L_C	0.08017500000000001	0.0	0.472
6xc7_H_L_A	0.08017500000000001	0.0	0.472
7a5s_H_L_A	0.08017500000000001	0.0	0.433
7r8l_C_D_E	0.08017500000000001	0.0	0.472
7e8c_H_L_A	0.07996904761904762	0.0	0.713
7e8f_H_L_A	0.07996904761904762	0.0	0.713
7nd4_F_G_B	0.07917539682539682	0.238	0.624
7nd4_H_L_C	0.07917539682539682	0.286	0.624
7l7e_C_D_b	0.07913214285714286	0.038	0.53
7l7e_E_F_G	0.07913214285714286	0.038	0.53
7mzj_F_E_A	0.07904621212121211	0.333	0.744
7czr_H_K_A	0.07878928571428573	0.179	0.431
7cah_E_D_A	0.07826071428571428	0.0	0.417
7cak_E_D_A	0.07826071428571428	0.0	0.457
7cwn_E_D_B	0.07826071428571428	0.0	0.444
7cwn_H_N_C	0.07826071428571428	0.0	0.444
7e5r_L_H_A	0.07826071428571428	0.0	0.457
7e5s_L_D_B	0.07826071428571428	0.0	0.457
7dpm_A_B_C	0.07806666666666666	0.0	0.559
7dpm_G_H_I	0.07806666666666666	0.0	0.559
7dpm_J_K_L	0.07806666666666666	0.0	0.559
7ld1_P_O_A	0.0764840909090909	0.0	0.472
7wd9_G_H_C	0.07467083333333334	0.0	0.382
7wk9_a_b_B	0.07467083333333334	0.0	0.382
7wk9_c_d_C	0.07467083333333334	0.0	0.382
7cdi_H_L_E	0.07457440476190476	0.207	0.561
7lq7_P_Q_A	0.07448214285714286	0.0	0.494
7lq7_y_z_E	0.07448214285714286	0.0	0.494
7e88_A_B_C	0.07432916666666667	0.28	0.549
7e88_D_E_F	0.07432916666666667	0.269	0.549
7e88_G_H_I	0.07432916666666667	0.222	0.549
7cwt_P_M_C	0.07384047619047619	0.0	0.296
7cwu_N_G_B	0.07384047619047619	0.0	0.296
7cwu_P_I_C	0.07384047619047619	0.0	0.296
7e5r_X_S_C	0.07384047619047619	0.0	0.298
7e5s_U_Q_B	0.07384047619047619	0.0	0.298
6xc4_H_L_A	0.07377121212121211	0.214	0.566
6xc4_X_Y_Z	0.07377121212121211	0.172	0.566
6xc7_C_D_A	0.07377121212121211	0.222	0.566
7sc1_M_N_B	0.07373313492063492	0.097	0.557
7chf_H_L_R	0.07196904761904763	0.171	0.567
7e8c_D_E_C	0.07196904761904763	0.2	0.566
7e8c_O_Q_A	0.07196904761904763	0.194	0.566
7e8f_D_E_R	0.07196904761904763	0.188	0.565
7ch5_H_L_R	0.07140416666666667	0.241	0.548
7rkv_D_H_B	0.07014742063492065	0.0	0.691
7rkv_E_F_A	0.07014742063492065	0.0	0.691
7rkv_G_L_C	0.07014742063492065	0.0	0.691
6wps_C_D_B	0.0693017857142857	0.0	0.261
6wpt_D_E_A	0.0693017857142857	0.0	0.261
7bep_H_L_E	0.0693017857142857	0.0	0.462
7jx3_A_B_R	0.0693017857142857	0.0	0.463
7l0n_C_D_S	0.0693017857142857	0.0	0.463
7tly_A_B_I	0.0693017857142857	0.0	0.308
7tn0_B_A_I	0.0693017857142857	0.0	0.463
7tn0_C_D_S	0.0693017857142857	0.0	0.463
7bel_A_B_R	0.068654329004329	0.0	0.524
7bel_C_D_X	0.068654329004329	0.0	0.524
7ora_D_E_C	0.068654329004329	0.0	0.536
7dcx_A_F_C	0.06321666666666667	0.0	0.395
7dcx_E_H_K	0.06321666666666667	0.0	0.395
7pqy_B_C_A	0.06311742424242424	0.207	0.567
7pqz_H_L_E	0.06311742424242424	0.167	0.567
7q0g_H_L_E	0.06311742424242424	0.214	0.567
7dk4_a_b_A	0.06052559523809523	0.308	0.393
7dk4_e_f_C	0.06052559523809523	0.333	0.393
7dk7_c_d_B	0.06052559523809523	0.267	0.393
6zdg_B_C_A	0.05413782051282051	0.0	0.546
6zdh_D_F_B	0.05413782051282051	0.0	0.546
6zdh_G_I_C	0.05413782051282051	0.0	0.546
6zfo_B_C_A	0.05413782051282051	0.0	0.546
7nx9_H_L_E	0.05413782051282051	0.0	0.546
7nxa_H_L_E	0.05413782051282051	0.0	0.546
7nxb_H_L_E	0.05413782051282051	0.0	0.546
7qnw_H_L_E	0.05413782051282051	0.0	0.546
7q9g_E_F_B	0.049916666666666665	0.0	0.35
