abname	sesascore	episim	absim
7chf_H_L_R	0.6390785714285714	0.758	0.898
7e8c_D_E_C	0.6390785714285714	0.71	0.896
7e8c_O_Q_A	0.6390785714285714	0.742	0.896
7e8f_D_E_R	0.6390785714285714	0.833	0.898
7kfw_C_D_B	0.6005690476190475	0.806	0.88
6xc2_H_L_A	0.5343107142857143	0.765	0.888
6xc3_B_A_C	0.5343107142857143	0.781	0.888
7sc1_M_N_B	0.4982880952380953	0.594	0.87
7bem_H_L_E	0.4963	0.706	0.451
7e86_A_B_C	0.47136904761904763	1.0	1.0
7kfv_C_D_B	0.4590452380952381	0.806	0.88
7kfv_F_G_E	0.4590452380952381	0.806	0.88
7cdi_H_L_E	0.458775	0.677	0.831
7q9g_E_F_B	0.44331428571428577	0.0	0.387
7r8l_H_L_E	0.43594880952380954	0.71	0.793
7bej_H_L_E	0.4353607142857142	0.667	0.873
7bek_H_L_E	0.4353607142857142	0.686	0.873
7nd6_H_L_B	0.4353607142857142	0.686	0.873
7n3i_H_L_C	0.4000765873015873	0.71	0.811
6xc4_H_L_A	0.38490039682539684	0.7	0.817
6xc4_X_Y_Z	0.38490039682539684	0.7	0.817
6xc7_C_D_A	0.38490039682539684	0.724	0.817
7jmo_H_L_A	0.37730357142857146	0.806	0.814
7np1_H_L_A	0.3652452380952381	0.655	0.868
7np1_I_M_B	0.3652452380952381	0.6	0.868
7np1_J_N_C	0.3652452380952381	0.656	0.868
7np1_K_O_D	0.3652452380952381	0.633	0.868
7pqy_B_C_A	0.3537785714285714	0.793	0.857
7pqz_H_L_E	0.3537785714285714	0.733	0.857
7q0g_H_L_E	0.3537785714285714	0.7	0.857
6xcn_B_D_A	0.3465214285714286	0.552	0.559
6xcn_H_L_C	0.3465214285714286	0.552	0.559
7k8m_A_B_E	0.32478015873015875	0.7	0.816
7e5y_C_B_A	0.3231626984126984	0.667	0.738
7c01_C_D_B	0.31912261904761907	0.618	0.899
7kmk_I_M_B	0.31477202380952385	0.5	0.84
7kxk_I_M_B	0.31477202380952385	0.433	0.84
7dk4_a_b_A	0.3102654761904762	0.457	0.483
7dk4_e_f_C	0.3102654761904762	0.441	0.483
7dk7_c_d_B	0.3102654761904762	0.447	0.483
7m6d_H_L_C	0.2594666666666667	0.667	0.821
7ch5_H_L_R	0.25068492063492065	0.71	0.815
7s4s_H_L_A	0.239993253968254	0.71	0.821
7m6g_R_S_B	0.22836547619047617	0.077	0.681
7kmg_A_B_C	0.20985833333333334	0.189	0.708
7mzj_F_E_A	0.20431547619047621	0.552	0.555
7dcx_A_F_C	0.18965	0.106	0.485
7dcx_E_H_K	0.18965	0.245	0.485
7tht_a_c_S	0.18790000000000004	0.175	0.357
7tht_H_L_C	0.18790000000000004	0.2	0.357
7m3i_H_L_R	0.186988721001221	0.0	0.483
7ks9_H_L_B	0.18406666666666666	0.781	0.871
7r6x_H_L_R	0.18310595238095237	0.0	0.834
7dk2_A_B_C	0.18124642857142856	0.71	0.832
7dk0_A_B_C	0.1786702380952381	0.205	0.532
7q6e_E_F_B	0.17537440476190477	0.0	0.694
7q6e_J_K_C	0.17537440476190477	0.0	0.694
7byr_H_L_B	0.17126666666666665	0.312	0.34
7mzf_H_L_A	0.16328214285714282	0.647	0.858
7e88_A_B_C	0.16067916666666668	0.633	0.871
7e88_D_E_F	0.16067916666666668	0.667	0.871
7e88_G_H_I	0.16067916666666668	0.667	0.871
7chs_H_L_E	0.15888333333333335	0.75	0.877
7nd4_F_G_B	0.1574607142857143	0.344	0.472
7nd4_H_L_C	0.1574607142857143	0.375	0.472
7k9z_H_L_E	0.15171666666666667	0.095	0.741
7cdj_H_L_E	0.1505142857142857	0.243	0.826
7beh_H_L_E	0.1504388888888889	0.25	0.461
7nd7_F_G_B	0.1504388888888889	0.242	0.479
7nd7_J_K_C	0.1504388888888889	0.235	0.479
7e3b_B_C_A	0.15004166666666666	0.022	0.511
7q9k_D_E_B	0.1467452380952381	0.026	0.738
7lxz_E_D_A	0.14455714285714288	0.235	0.292
7pqz_A_B_E	0.14429404761904763	0.0	0.561
7pry_C_D_I	0.14425833333333332	0.088	0.686
7ra8_C_D_B	0.1414628787878788	0.051	0.273
7ld1_P_O_A	0.14021031746031748	0.14	0.677
7r8o_H_L_B	0.13892738095238097	0.263	0.466
7r8o_M_N_E	0.13892738095238097	0.243	0.466
7cah_E_D_A	0.13598690476190478	0.022	0.472
7cak_E_D_A	0.13598690476190478	0.022	0.673
7cwn_E_D_B	0.13598690476190478	0.0	0.65
7cwn_H_N_C	0.13598690476190478	0.0	0.65
7e5r_L_H_A	0.13598690476190478	0.0	0.673
7e5s_L_D_B	0.13598690476190478	0.0	0.673
7ps6_H_L_E	0.1357436507936508	0.083	0.747
7czr_H_K_A	0.13572857142857142	0.724	0.598
7e7y_A_B_R	0.13415833333333332	0.281	0.566
7e7y_C_D_E	0.13415833333333332	0.219	0.566
7f62_H_L_A	0.13371388888888888	0.333	0.516
7bep_A_B_E	0.13304285714285716	0.182	0.768
7nd8_H_L_B	0.13304285714285716	0.182	0.768
7chc_A_B_R	0.13199583333333334	0.054	0.737
7che_A_B_R	0.13199583333333334	0.056	0.737
7chh_D_E_A	0.13199583333333334	0.054	0.737
7chh_J_K_C	0.13199583333333334	0.053	0.737
7e8f_C_B_R	0.12990773809523806	0.054	0.737
7q9f_H_L_A	0.1270261904761905	0.0	0.7
7q9f_J_K_C	0.1270261904761905	0.0	0.7
7n5h_H_L_A	0.12658214285714287	0.07	0.312
7k9h_I_M_C	0.1265719696969697	0.188	0.264
7lab_T_S_A	0.1234952380952381	0.0	0.641
7lab_Y_X_B	0.1234952380952381	0.0	0.641
6zdg_B_C_A	0.1229327380952381	0.0	0.86
6zdh_D_F_B	0.1229327380952381	0.0	0.86
6zdh_G_I_C	0.1229327380952381	0.0	0.86
6zfo_B_C_A	0.1229327380952381	0.0	0.86
7nx9_H_L_E	0.1229327380952381	0.0	0.86
7nxa_H_L_E	0.1229327380952381	0.0	0.86
7nxb_H_L_E	0.1229327380952381	0.0	0.86
7qnw_H_L_E	0.1229327380952381	0.0	0.86
7ljr_S_T_A	0.12189285714285714	0.182	0.472
7f7e_C_L_E	0.12001282051282051	0.0	0.81
7mzl_H_L_A	0.1200126984126984	0.636	0.642
7jx3_C_D_R	0.11799722222222223	0.314	0.521
7ps2_A_B_G	0.11775833333333333	0.469	0.766
7akd_D_E_C	0.11717380952380953	0.0	0.294
7k8x_E_G_A	0.11680555555555555	0.176	0.488
7m42_B_A_E	0.11314166666666665	0.258	0.49
7kqe_H_L_A	0.11293333333333334	0.0	0.361
7kqe_I_N_B	0.11293333333333334	0.0	0.361
7m7b_H_L_A	0.11293333333333334	0.0	0.361
7kzb_H_L_C	0.11250535714285716	0.0	0.811
7sn3_F_G_B	0.11220178571428571	0.0	0.707
7sn3_H_L_C	0.11220178571428571	0.0	0.707
7k9z_B_A_E	0.11186250000000003	0.29	0.7
7djz_A_B_C	0.11141904761904763	0.263	0.675
7ps4_B_C_A	0.11131746031746032	0.025	0.484
7dpm_A_B_C	0.10835833333333335	0.023	0.835
7dpm_G_H_I	0.10835833333333335	0.0	0.835
7dpm_J_K_L	0.10835833333333335	0.024	0.835
6xkq_H_L_A	0.10800000000000003	0.353	0.459
7mf1_H_L_A	0.10681309523809523	0.075	0.464
7czp_H_L_A	0.10662103174603173	0.429	0.379
7rkv_D_H_B	0.1061232142857143	0.0	0.542
7rkv_E_F_A	0.1061232142857143	0.0	0.542
7rkv_G_L_C	0.1061232142857143	0.0	0.542
7l7e_C_D_b	0.10601309523809523	0.1	0.732
7l7e_E_F_G	0.10601309523809523	0.1	0.732
7kn3_H_L_A	0.1052125	0.457	0.801
7e8c_H_L_A	0.10461666666666666	0.0	0.534
7e8f_H_L_A	0.10461666666666666	0.0	0.534
7ben_D_F_C	0.10427499999999999	0.323	0.692
7ben_H_L_E	0.10427499999999999	0.367	0.692
7ora_H_L_C	0.10427499999999999	0.333	0.692
7faf_g_f_B	0.10337023809523811	0.024	0.488
7kqb_H_L_A	0.10216666666666667	0.237	0.576
7kqb_K_J_C	0.10216666666666667	0.231	0.576
7ps0_B_C_A	0.10131071428571428	0.206	0.481
7ps7_A_B_E	0.10103257020757021	0.088	0.481
7ps7_H_L_R	0.10103257020757021	0.118	0.481
7lrt_D_E_C	0.10055654761904763	0.31	0.686
7bnv_H_L_A	0.0989190476190476	0.025	0.672
7czy_H_K_A	0.09814226190476193	0.414	0.495
7k90_M_N_A	0.09729166666666667	0.25	0.553
7mzk_N_M_B	0.0967311507936508	0.0	0.694
7l5b_H_L_A	0.0963404761904762	0.257	0.462
7k9j_I_M_B	0.09624404761904762	0.0	0.277
7k9j_J_N_C	0.09624404761904762	0.0	0.277
7k9k_H_L_A	0.09624404761904762	0.0	0.277
7prz_H_L_E	0.09590238095238095	0.485	0.779
7qny_A_B_E	0.09587619047619046	0.022	0.515
7eam_C_D_B	0.09534166666666671	0.0	0.494
7lq7_P_Q_A	0.09521666666666667	0.042	0.728
7lq7_y_z_E	0.09521666666666667	0.043	0.728
7qnw_A_B_E	0.09421607142857143	0.05	0.723
7s0e_H_L_A	0.09395833333333334	0.0	0.858
7beo_C_D_X	0.09354166666666668	0.333	0.689
7beo_H_L_R	0.09354166666666668	0.323	0.689
7nd9_H_L_B	0.09354166666666668	0.367	0.656
7ly0_H_L_A	0.09354015151515152	0.0	0.331
7ly2_G_I_B	0.09354015151515152	0.0	0.331
7mzj_H_L_A	0.09327916666666666	0.064	0.817
7tas_H_L_E	0.09281904761904762	0.455	0.32
7tat_H_L_A	0.09281904761904762	0.367	0.32
7msq_H_L_A	0.09202500000000001	0.023	0.723
6xdg_B_D_E	0.09182380952380952	0.258	0.827
7wd9_G_H_C	0.09144960317460318	0.0	0.461
7wk9_a_b_B	0.09144960317460318	0.0	0.461
7wk9_c_d_C	0.09144960317460318	0.0	0.461
7czt_H_L_A	0.09123928571428573	0.576	0.41
7bel_A_B_R	0.09089880952380952	0.0	0.794
7bel_C_D_X	0.09089880952380952	0.0	0.794
7ora_D_E_C	0.09089880952380952	0.0	0.816
7cm4_H_L_A	0.09081190476190476	0.314	0.353
7v26_a_b_A	0.09055164835164835	0.024	0.454
7v26_c_d_C	0.09055164835164835	0.047	0.454
7cwn_G_F_A	0.09048333333333332	0.171	0.839
7e5r_M_U_A	0.09048333333333332	0.147	0.433
7e5r_T_V_B	0.09048333333333332	0.152	0.433
7e5s_I_K_B	0.09048333333333332	0.184	0.433
7e3l_D_E_A	0.08954166666666666	0.323	0.669
7n8i_H_L_A	0.08828571428571427	0.0	0.392
7so9_C_B_A	0.08828571428571427	0.0	0.391
7soa_H_L_A	0.08828571428571427	0.0	0.391
7tm0_I_H_A	0.08828571428571427	0.0	0.393
6xdg_C_A_E	0.08700833333333333	0.028	0.56
6w41_H_L_C	0.08586190476190476	0.0	0.696
6xc7_H_L_A	0.08586190476190476	0.0	0.696
7a5s_H_L_A	0.08586190476190476	0.0	0.628
7r8l_C_D_E	0.08586190476190476	0.0	0.696
7lxw_H_L_A	0.08499404761904762	0.0	0.324
7ej5_H_L_A	0.08406666666666666	0.212	0.467
7ej5_J_N_C	0.08406666666666666	0.194	0.467
6wps_C_D_B	0.08180000000000001	0.0	0.288
6wpt_D_E_A	0.08180000000000001	0.0	0.288
7bep_H_L_E	0.08180000000000001	0.0	0.669
7jx3_A_B_R	0.08180000000000001	0.0	0.665
7l0n_C_D_S	0.08180000000000001	0.0	0.665
7tly_A_B_I	0.08180000000000001	0.0	0.489
7tn0_B_A_I	0.08180000000000001	0.0	0.665
7tn0_C_D_S	0.08180000000000001	0.0	0.665
7l2c_C_D_B	0.07917380952380952	0.0	0.475
7l2c_H_L_A	0.07917380952380952	0.0	0.475
7w9f_A_B_E	0.07564880952380952	0.25	0.359
7mmo_A_B_C	0.07354410866910865	0.075	0.56
7mmo_D_E_F	0.07354410866910865	0.075	0.56
7l7e_H_L_S	0.07186785714285715	0.3	0.669
7l7e_I_J_K	0.07186785714285715	0.323	0.669
7e7x_M_N_B	0.07059047619047618	0.0	0.471
7cwt_P_M_C	0.07051388888888889	0.0	0.271
7cwu_N_G_B	0.07051388888888889	0.0	0.271
7cwu_P_I_C	0.07051388888888889	0.0	0.271
7e5r_X_S_C	0.07051388888888889	0.0	0.271
7e5s_U_Q_B	0.07051388888888889	0.0	0.271
7lss_H_L_B	0.0703036324786325	0.025	0.262
7lcn_H_L_C	0.0665	0.0	0.46
7wcz_a_b_A	0.06509523809523811	0.156	0.459
7wd7_a_b_A	0.06509523809523811	0.2	0.459
7k8s_H_L_A	0.06508869047619047	0.194	0.852
7k8s_M_N_C	0.06508869047619047	0.212	0.852
7k8s_O_P_B	0.06508869047619047	0.226	0.852
7k8t_M_N_B	0.06508869047619047	0.143	0.852
7k8t_O_P_A	0.06508869047619047	0.205	0.852
7cwt_E_D_A	0.0623	0.103	0.362
7cyh_E_D_A	0.0623	0.108	0.362
7e5s_R_O_A	0.0623	0.114	0.551
7ben_G_I_C	0.05992857142857143	0.075	0.828
7orb_E_F_X	0.05992857142857143	0.073	0.828
