abname	sesascore	episim	absim
7kfw_C_D_B	0.587270238095238	0.767	0.9
7chf_H_L_R	0.5801011904761905	0.833	0.989
7e8c_D_E_C	0.5801011904761905	1.0	1.0
7e8c_O_Q_A	0.5801011904761905	0.821	1.0
7e8f_D_E_R	0.5801011904761905	0.857	0.998
6xc2_H_L_A	0.4533920634920635	0.781	0.916
6xc3_B_A_C	0.4533920634920635	0.688	0.916
7kfv_C_D_B	0.44588154761904764	0.828	0.904
7kfv_F_G_E	0.44588154761904764	0.828	0.904
7bem_H_L_E	0.44493313492063485	0.719	0.47
7sc1_M_N_B	0.430625	0.548	0.894
7e86_A_B_C	0.3972230158730159	0.71	0.896
7cdi_H_L_E	0.3971738095238095	0.815	0.827
7r8l_H_L_E	0.37263214285714286	0.852	0.797
7q9g_E_F_B	0.366275	0.0	0.392
7kmk_I_M_B	0.3521313492063492	0.448	0.832
7kxk_I_M_B	0.3521313492063492	0.379	0.832
7bej_H_L_E	0.34668095238095237	0.676	0.906
7bek_H_L_E	0.34668095238095237	0.697	0.906
7nd6_H_L_B	0.34668095238095237	0.697	0.906
7n3i_H_L_C	0.340218253968254	0.786	0.807
6xcn_B_D_A	0.33417499999999994	0.556	0.569
6xcn_H_L_C	0.33417499999999994	0.556	0.569
6xc4_H_L_A	0.3340833333333334	0.714	0.816
6xc4_X_Y_Z	0.3340833333333334	0.714	0.816
6xc7_C_D_A	0.3340833333333334	0.741	0.816
7pqy_B_C_A	0.3248902777777778	0.75	0.845
7pqz_H_L_E	0.3248902777777778	0.75	0.845
7q0g_H_L_E	0.3248902777777778	0.714	0.845
7jmo_H_L_A	0.32487619047619054	0.767	0.814
7np1_H_L_A	0.3245476190476191	0.667	0.844
7np1_I_M_B	0.3245476190476191	0.667	0.844
7np1_J_N_C	0.3245476190476191	0.786	0.844
7np1_K_O_D	0.3245476190476191	0.704	0.844
7e5y_C_B_A	0.31827500000000003	0.679	0.755
7k8m_A_B_E	0.3049880952380952	0.846	0.809
7dk4_a_b_A	0.2739845238095238	0.371	0.485
7dk4_e_f_C	0.2739845238095238	0.353	0.485
7dk7_c_d_B	0.2739845238095238	0.333	0.485
7c01_C_D_B	0.2720041666666667	0.576	0.855
7mzj_F_E_A	0.2535345238095238	0.556	0.554
7m6d_H_L_C	0.23871785714285718	0.741	0.821
7ch5_H_L_R	0.22835833333333336	0.724	0.811
7s4s_H_L_A	0.21372579365079364	0.852	0.82
7dcx_A_F_C	0.20972797619047617	0.114	0.494
7dcx_E_H_K	0.20972797619047617	0.234	0.494
7m6g_R_S_B	0.20769563492063492	0.026	0.681
7r6x_H_L_R	0.1992795634920635	0.0	0.811
7kmg_A_B_C	0.19871904761904763	0.108	0.694
7nd4_F_G_B	0.19600476190476193	0.481	0.485
7nd4_H_L_C	0.19600476190476193	0.464	0.485
7tht_a_c_S	0.18312916666666668	0.1	0.342
7tht_H_L_C	0.18312916666666668	0.125	0.342
7byr_H_L_B	0.18080000000000002	0.182	0.344
7ks9_H_L_B	0.18003571428571427	0.742	0.839
7ra8_C_D_B	0.1794132575757576	0.056	0.277
7q6e_E_F_B	0.1728178571428572	0.0	0.678
7q6e_J_K_C	0.1728178571428572	0.0	0.678
7m3i_H_L_R	0.17161428571428575	0.0	0.492
7dk0_A_B_C	0.17076904761904763	0.128	0.531
7e3b_B_C_A	0.16007738095238097	0.0	0.508
7cdj_H_L_E	0.15686011904761904	0.194	0.849
7bep_A_B_E	0.15683333333333335	0.125	0.781
7nd8_H_L_B	0.15683333333333335	0.125	0.781
7mzf_H_L_A	0.1550059523809524	0.767	0.857
7lxz_E_D_A	0.15435714285714286	0.147	0.288
7dk2_A_B_C	0.15200714285714287	0.667	0.836
7e8f_C_B_R	0.1495384920634921	0.0	0.723
7e88_A_B_C	0.1493434523809524	0.643	0.839
7e88_D_E_F	0.1493434523809524	0.679	0.839
7e88_G_H_I	0.1493434523809524	0.621	0.839
7beh_H_L_E	0.14873333333333336	0.156	0.46
7nd7_F_G_B	0.14873333333333336	0.188	0.478
7nd7_J_K_C	0.14873333333333336	0.182	0.478
7chs_H_L_E	0.14815714285714285	0.828	0.914
7k9z_H_L_E	0.14808313492063493	0.024	0.747
7chc_A_B_R	0.1470384920634921	0.0	0.723
7che_A_B_R	0.1470384920634921	0.0	0.723
7chh_D_E_A	0.1470384920634921	0.0	0.723
7chh_J_K_C	0.1470384920634921	0.0	0.723
7pry_C_D_I	0.1457910714285714	0.097	0.682
7jx3_C_D_R	0.13813928571428574	0.387	0.525
7n5h_H_L_A	0.1376904761904762	0.049	0.316
7q9k_D_E_B	0.1365936507936508	0.029	0.744
7ljr_S_T_A	0.1362	0.114	0.469
7ps6_H_L_E	0.1361238095238095	0.125	0.774
7cah_E_D_A	0.13559107142857144	0.0	0.488
7cak_E_D_A	0.13559107142857144	0.0	0.689
7cwn_E_D_B	0.13559107142857144	0.0	0.665
7cwn_H_N_C	0.13559107142857144	0.0	0.665
7e5r_L_H_A	0.13559107142857144	0.0	0.689
7e5s_L_D_B	0.13559107142857144	0.0	0.689
7e7y_A_B_R	0.13435416666666666	0.267	0.566
7e7y_C_D_E	0.13435416666666666	0.2	0.566
7r8o_H_L_B	0.13229940476190477	0.184	0.468
7r8o_M_N_E	0.13229940476190477	0.162	0.468
7pqz_A_B_E	0.13152976190476193	0.028	0.563
7kqe_H_L_A	0.1314172619047619	0.0	0.365
7kqe_I_N_B	0.1314172619047619	0.0	0.365
7m7b_H_L_A	0.1314172619047619	0.0	0.365
7f62_H_L_A	0.13039761904761907	0.323	0.511
7czr_H_K_A	0.13010714285714287	0.741	0.606
7djz_A_B_C	0.1284107142857143	0.216	0.681
7eam_C_D_B	0.1282188852813853	0.0	0.493
7ps2_A_B_G	0.12783154761904764	0.419	0.762
7mzl_H_L_A	0.1258654761904762	0.545	0.651
7ld1_P_O_A	0.1254047619047619	0.122	0.677
7sn3_F_G_B	0.12500714285714284	0.0	0.7
7sn3_H_L_C	0.12500714285714284	0.0	0.7
7k9h_I_M_C	0.12471304112554112	0.094	0.258
7l7e_C_D_b	0.12459285714285713	0.025	0.732
7l7e_E_F_G	0.12459285714285713	0.025	0.732
7mzj_H_L_A	0.12285238095238094	0.022	0.795
7lab_T_S_A	0.12191785714285713	0.0	0.646
7lab_Y_X_B	0.12191785714285713	0.0	0.646
7m42_B_A_E	0.12177043650793651	0.161	0.481
7f7e_C_L_E	0.12157738095238095	0.026	0.81
7ps7_A_B_E	0.12016111111111112	0.133	0.485
7ps7_H_L_R	0.12016111111111112	0.167	0.485
7mzk_N_M_B	0.11985054855275441	0.029	0.687
7czp_H_L_A	0.11931309523809526	0.469	0.376
6w41_H_L_C	0.11846547619047618	0.0	0.705
6xc7_H_L_A	0.11846547619047618	0.0	0.705
7a5s_H_L_A	0.11846547619047618	0.0	0.636
7r8l_C_D_E	0.11846547619047618	0.0	0.705
7k9z_B_A_E	0.11599166666666667	0.276	0.693
7q9f_H_L_A	0.11580654761904763	0.0	0.692
7q9f_J_K_C	0.11580654761904763	0.0	0.692
7v26_a_b_A	0.11564761904761905	0.053	0.451
7v26_c_d_C	0.11564761904761905	0.077	0.451
7ps0_B_C_A	0.11434404761904762	0.226	0.485
7czy_H_K_A	0.11334136002886001	0.407	0.49
7k8x_E_G_A	0.11319007936507935	0.088	0.492
7kzb_H_L_C	0.11275813492063493	0.0	0.807
7qnw_A_B_E	0.11275297619047621	0.054	0.719
7s0e_H_L_A	0.11181071428571429	0.0	0.835
7l5b_H_L_A	0.11110714285714286	0.139	0.461
7akd_D_E_C	0.11086428571428569	0.0	0.298
7ps4_B_C_A	0.11041666666666666	0.0	0.496
7qny_A_B_E	0.10808333333333334	0.0	0.522
6xkq_H_L_A	0.10730833333333335	0.433	0.473
7faf_g_f_B	0.10685952380952381	0.0	0.491
7wd9_G_H_C	0.10679761904761903	0.0	0.467
7wk9_a_b_B	0.10679761904761903	0.0	0.467
7wk9_c_d_C	0.10679761904761903	0.0	0.467
7k90_M_N_A	0.10585238095238095	0.156	0.56
7bnv_H_L_A	0.10452916666666667	0.027	0.684
6xdg_C_A_E	0.1040625	0.03	0.559
6xdg_B_D_E	0.10396944444444443	0.286	0.808
7bel_A_B_R	0.10328333333333334	0.0	0.78
7bel_C_D_X	0.10328333333333334	0.0	0.78
7ora_D_E_C	0.10328333333333334	0.0	0.8
7dpm_A_B_C	0.10305357142857142	0.025	0.831
7dpm_G_H_I	0.10305357142857142	0.0	0.831
7dpm_J_K_L	0.10305357142857142	0.026	0.831
7rkv_D_H_B	0.1020045168067227	0.0	0.536
7rkv_E_F_A	0.1020045168067227	0.0	0.536
7rkv_G_L_C	0.1020045168067227	0.0	0.536
7czt_H_L_A	0.10181249999999999	0.531	0.409
7kqb_H_L_A	0.10133511904761906	0.158	0.566
7kqb_K_J_C	0.10133511904761906	0.154	0.566
7mf1_H_L_A	0.10121666666666666	0.0	0.473
7cm4_H_L_A	0.10068333333333332	0.265	0.348
7prz_H_L_E	0.0992204213184476	0.438	0.761
7ben_D_F_C	0.09844047619047619	0.357	0.679
7ben_H_L_E	0.09844047619047619	0.407	0.679
7ora_H_L_C	0.09844047619047619	0.37	0.679
7msq_H_L_A	0.09745654761904762	0.0	0.763
7kn3_H_L_A	0.09741585497835499	0.371	0.8
7e7x_M_N_B	0.09603988095238097	0.0	0.48
7lrt_D_E_C	0.09541785714285717	0.296	0.679
7lxw_H_L_A	0.09522083333333334	0.0	0.325
7l2c_C_D_B	0.09386666666666665	0.0	0.481
7l2c_H_L_A	0.09386666666666665	0.0	0.481
7lq7_P_Q_A	0.09221666666666667	0.044	0.724
7lq7_y_z_E	0.09221666666666667	0.045	0.724
7beo_C_D_X	0.09131547619047618	0.37	0.676
7beo_H_L_R	0.09131547619047618	0.357	0.676
7nd9_H_L_B	0.09131547619047618	0.407	0.644
7e8c_H_L_A	0.08992619047619047	0.0	0.544
7e8f_H_L_A	0.08992619047619047	0.0	0.544
7tas_H_L_E	0.08961666666666668	0.324	0.327
7tat_H_L_A	0.08961666666666668	0.31	0.327
7k9j_I_M_B	0.0874563492063492	0.0	0.28
7k9j_J_N_C	0.0874563492063492	0.0	0.28
7k9k_H_L_A	0.0874563492063492	0.0	0.28
6wps_C_D_B	0.08658630952380954	0.0	0.294
6wpt_D_E_A	0.08658630952380954	0.0	0.294
7bep_H_L_E	0.08658630952380954	0.0	0.678
7jx3_A_B_R	0.08658630952380954	0.0	0.677
7l0n_C_D_S	0.08658630952380954	0.0	0.677
7tly_A_B_I	0.08658630952380954	0.0	0.496
7tn0_B_A_I	0.08658630952380954	0.0	0.677
7tn0_C_D_S	0.08658630952380954	0.0	0.677
7lss_H_L_B	0.08633928571428572	0.056	0.256
7mmo_A_B_C	0.08616785714285713	0.111	0.548
7mmo_D_E_F	0.08616785714285713	0.111	0.548
7cwn_G_F_A	0.08509523809523808	0.118	0.816
7e5r_M_U_A	0.08509523809523808	0.091	0.417
7e5r_T_V_B	0.08509523809523808	0.094	0.417
7e5s_I_K_B	0.08509523809523808	0.135	0.417
7ly0_H_L_A	0.08504444444444445	0.0	0.337
7ly2_G_I_B	0.08504444444444445	0.0	0.337
6zdg_B_C_A	0.08481845238095238	0.0	0.833
6zdh_D_F_B	0.08481845238095238	0.0	0.833
6zdh_G_I_C	0.08481845238095238	0.0	0.833
6zfo_B_C_A	0.08481845238095238	0.0	0.833
7nx9_H_L_E	0.08481845238095238	0.0	0.833
7nxa_H_L_E	0.08481845238095238	0.0	0.833
7nxb_H_L_E	0.08481845238095238	0.0	0.833
7qnw_H_L_E	0.08481845238095238	0.0	0.833
7n8i_H_L_A	0.08334047619047619	0.0	0.379
7so9_C_B_A	0.08334047619047619	0.0	0.378
7soa_H_L_A	0.08334047619047619	0.0	0.378
7tm0_I_H_A	0.08334047619047619	0.0	0.38
7wcz_a_b_A	0.08137129169849759	0.172	0.455
7wd7_a_b_A	0.08137129169849759	0.222	0.455
7e3l_D_E_A	0.08082619047619048	0.31	0.665
7ej5_H_L_A	0.08072321428571427	0.233	0.474
7ej5_J_N_C	0.08072321428571427	0.214	0.474
7w9f_A_B_E	0.07980654761904762	0.276	0.365
7l7e_H_L_S	0.0784375	0.286	0.672
7l7e_I_J_K	0.0784375	0.31	0.672
7cwt_P_M_C	0.07747857142857142	0.0	0.274
7cwu_N_G_B	0.07747857142857142	0.0	0.274
7cwu_P_I_C	0.07747857142857142	0.0	0.274
7e5r_X_S_C	0.07747857142857142	0.0	0.274
7e5s_U_Q_B	0.07747857142857142	0.0	0.274
7lcn_H_L_C	0.07105039682539684	0.0	0.469
7cwt_E_D_A	0.070025	0.143	0.363
7cyh_E_D_A	0.070025	0.152	0.363
7e5s_R_O_A	0.070025	0.161	0.554
7k8s_H_L_A	0.06885000000000001	0.111	0.825
7k8s_M_N_C	0.06885000000000001	0.121	0.825
7k8s_O_P_B	0.06885000000000001	0.129	0.825
7k8t_M_N_B	0.06885000000000001	0.088	0.825
7k8t_O_P_A	0.06885000000000001	0.128	0.825
7ben_G_I_C	0.06754523809523809	0.026	0.82
7orb_E_F_X	0.06754523809523809	0.025	0.82
