abname	sesascore	episim	absim
7e8c_H_L_A	0.2349173881673882	0.895	1.0
7e8f_H_L_A	0.2349173881673882	1.0	1.0
7bel_A_B_R	0.1937511904761905	0.0	0.527
7bel_C_D_X	0.1937511904761905	0.0	0.527
7ora_D_E_C	0.1937511904761905	0.0	0.537
7msq_H_L_A	0.18062023809523808	0.0	0.461
7faf_g_f_B	0.18061262626262622	0.0	0.35
7r6x_H_L_R	0.18054107142857143	0.0	0.525
7kmk_I_M_B	0.17366818181818183	0.0	0.522
7kxk_I_M_B	0.17366818181818183	0.0	0.522
7cwn_G_F_A	0.171115873015873	0.0	0.516
7e5r_M_U_A	0.171115873015873	0.0	0.332
7e5r_T_V_B	0.171115873015873	0.0	0.332
7e5s_I_K_B	0.171115873015873	0.0	0.332
6zdg_B_C_A	0.16538214285714287	0.0	0.53
6zdh_D_F_B	0.16538214285714287	0.0	0.53
6zdh_G_I_C	0.16538214285714287	0.0	0.53
6zfo_B_C_A	0.16538214285714287	0.0	0.53
7nx9_H_L_E	0.16538214285714287	0.0	0.53
7nxa_H_L_E	0.16538214285714287	0.0	0.53
7nxb_H_L_E	0.16538214285714287	0.0	0.53
7qnw_H_L_E	0.16538214285714287	0.0	0.53
7wd9_G_H_C	0.1605313492063492	0.0	0.372
7wk9_a_b_B	0.1605313492063492	0.0	0.372
7wk9_c_d_C	0.1605313492063492	0.0	0.372
7l7e_H_L_S	0.16007202380952382	0.0	0.464
7l7e_I_J_K	0.16007202380952382	0.0	0.464
7tht_a_c_S	0.15822519841269841	0.0	0.271
7tht_H_L_C	0.15822519841269841	0.0	0.271
7dpm_A_B_C	0.15598571428571428	0.0	0.536
7dpm_G_H_I	0.15598571428571428	0.0	0.536
7dpm_J_K_L	0.15598571428571428	0.0	0.536
7pqy_B_C_A	0.15020833333333333	0.0	0.535
7pqz_H_L_E	0.15020833333333333	0.0	0.535
7q0g_H_L_E	0.15020833333333333	0.0	0.535
7cah_E_D_A	0.1481986111111111	0.0	0.432
7cak_E_D_A	0.1481986111111111	0.0	0.473
7cwn_E_D_B	0.1481986111111111	0.0	0.458
7cwn_H_N_C	0.1481986111111111	0.0	0.458
7e5r_L_H_A	0.1481986111111111	0.0	0.473
7e5s_L_D_B	0.1481986111111111	0.0	0.473
7s0e_H_L_A	0.14796904761904764	0.0	0.54
7k8s_H_L_A	0.1461202380952381	0.0	0.517
7k8s_M_N_C	0.1461202380952381	0.0	0.517
7k8s_O_P_B	0.1461202380952381	0.0	0.517
7k8t_M_N_B	0.1461202380952381	0.0	0.517
7k8t_O_P_A	0.1461202380952381	0.0	0.517
7kqb_H_L_A	0.1460142857142857	0.0	0.417
7kqb_K_J_C	0.1460142857142857	0.0	0.417
7n5h_H_L_A	0.14530238095238096	0.0	0.272
7l5b_H_L_A	0.1432378787878788	0.0	0.618
7l7e_C_D_b	0.1421202380952381	0.0	0.518
7l7e_E_F_G	0.1421202380952381	0.0	0.518
7e3b_B_C_A	0.13783750000000003	0.0	0.366
7mmo_A_B_C	0.13769265873015873	0.0	0.452
7mmo_D_E_F	0.13769265873015873	0.0	0.452
7mzj_H_L_A	0.1376190476190476	0.0	0.506
7ljr_S_T_A	0.1373541666666667	0.0	0.349
6xdg_B_D_E	0.13719444444444445	0.0	0.545
7byr_H_L_B	0.1371611111111111	0.0	0.276
7sn3_F_G_B	0.13707797619047618	0.0	0.486
7sn3_H_L_C	0.13707797619047618	0.0	0.486
7bem_H_L_E	0.13706838023088022	0.0	0.339
7ps7_A_B_E	0.13679761904761903	0.0	0.685
7ps7_H_L_R	0.13679761904761903	0.0	0.685
7czy_H_K_A	0.13672641941391941	0.0	0.364
7lq7_P_Q_A	0.13612083333333333	0.0	0.475
7lq7_y_z_E	0.13612083333333333	0.0	0.475
7r8o_H_L_B	0.13590059523809525	0.0	0.633
7r8o_M_N_E	0.13590059523809525	0.0	0.633
7ps0_B_C_A	0.13576111111111108	0.0	0.641
7m3i_H_L_R	0.13571964285714289	0.0	0.679
7pry_C_D_I	0.13538881673881673	0.0	0.485
7ps4_B_C_A	0.13525416666666668	0.0	0.644
7chs_H_L_E	0.13492222222222222	0.0	0.541
7lab_T_S_A	0.13472023809523814	0.0	0.464
7lab_Y_X_B	0.13472023809523814	0.0	0.464
7q6e_E_F_B	0.13462142857142856	0.0	0.471
7q6e_J_K_C	0.13462142857142856	0.0	0.471
7k8x_E_G_A	0.13448333333333332	0.0	0.65
7bnv_H_L_A	0.13309761904761908	0.0	0.468
7k9z_H_L_E	0.1330472222222222	0.0	0.469
6xcn_B_D_A	0.1327705627705628	0.0	0.726
6xcn_H_L_C	0.1327705627705628	0.0	0.726
7dk0_A_B_C	0.13201190476190475	0.0	0.626
7mf1_H_L_A	0.1318309523809524	0.0	0.641
7czp_H_L_A	0.13130416666666667	0.0	0.475
7e3l_D_E_A	0.13117896825396827	0.0	0.458
7rkv_D_H_B	0.13116891025641025	0.0	0.685
7rkv_E_F_A	0.13116891025641025	0.0	0.685
7rkv_G_L_C	0.13116891025641025	0.0	0.685
7kmg_A_B_C	0.13099107142857144	0.0	0.445
7mzk_N_M_B	0.12894047619047622	0.0	0.485
7djz_A_B_C	0.12866190476190478	0.0	0.481
7cwt_P_M_C	0.128642784992785	0.478	0.278
7cwu_N_G_B	0.128642784992785	0.381	0.278
7cwu_P_I_C	0.128642784992785	0.364	0.278
7e5r_X_S_C	0.128642784992785	0.364	0.278
7e5s_U_Q_B	0.128642784992785	0.476	0.278
7cdj_H_L_E	0.128075	0.0	0.544
7akd_D_E_C	0.12744087301587304	0.0	0.269
7c01_C_D_B	0.12684318181818183	0.0	0.52
7e86_A_B_C	0.1258875	0.0	0.534
7ks9_H_L_B	0.12511190476190476	0.0	0.539
7e7x_M_N_B	0.12474404761904762	0.545	0.64
7beh_H_L_E	0.12467777777777778	0.0	0.615
7nd7_F_G_B	0.12467777777777778	0.0	0.642
7nd7_J_K_C	0.12467777777777778	0.0	0.642
7ben_G_I_C	0.12342307692307691	0.0	0.523
7orb_E_F_X	0.12342307692307691	0.0	0.523
6w41_H_L_C	0.1231452380952381	0.0	0.485
6xc7_H_L_A	0.1231452380952381	0.0	0.485
7a5s_H_L_A	0.1231452380952381	0.0	0.445
7r8l_C_D_E	0.1231452380952381	0.0	0.485
7dk2_A_B_C	0.12310714285714285	0.0	0.534
7dcx_A_F_C	0.12223392857142859	0.0	0.4
7dcx_E_H_K	0.12223392857142859	0.0	0.4
7bep_A_B_E	0.12169444444444444	0.0	0.528
7nd8_H_L_B	0.12169444444444444	0.0	0.528
7m6d_H_L_C	0.12004484126984126	0.0	0.53
7jx3_C_D_R	0.11974545593295595	0.0	0.709
7ld1_P_O_A	0.11973663419913422	0.0	0.466
7n8i_H_L_A	0.11947644993894993	0.0	0.309
7so9_C_B_A	0.11947644993894993	0.0	0.309
7soa_H_L_A	0.11947644993894993	0.0	0.309
7tm0_I_H_A	0.11947644993894993	0.0	0.311
7qnw_A_B_E	0.11873333333333333	0.0	0.46
7lrt_D_E_C	0.11818571428571428	0.0	0.47
7np1_H_L_A	0.1176732142857143	0.0	0.528
7np1_I_M_B	0.1176732142857143	0.0	0.528
7np1_J_N_C	0.1176732142857143	0.0	0.528
7np1_K_O_D	0.1176732142857143	0.0	0.528
7pqz_A_B_E	0.11730687229437228	0.0	0.724
7wcz_a_b_A	0.11727678571428571	0.0	0.37
7wd7_a_b_A	0.11727678571428571	0.0	0.37
7m42_B_A_E	0.11689145021645021	0.0	0.646
7lxz_E_D_A	0.11647222222222221	0.0	0.268
7cm4_H_L_A	0.11610238095238096	0.0	0.459
7lss_H_L_B	0.11603686868686869	0.0	0.258
7qny_A_B_E	0.1159154761904762	0.0	0.758
7beo_C_D_X	0.1156297619047619	0.0	0.463
7beo_H_L_R	0.1156297619047619	0.0	0.463
7nd9_H_L_B	0.1156297619047619	0.0	0.446
6xdg_C_A_E	0.11553722943722942	0.0	0.735
7cdi_H_L_E	0.11490833333333335	0.0	0.542
7k9z_B_A_E	0.11454781746031747	0.0	0.478
7kzb_H_L_C	0.11380521978021978	0.0	0.527
7jmo_H_L_A	0.11348333333333332	0.0	0.522
7kn3_H_L_A	0.11338452380952382	0.0	0.547
7k9h_I_M_C	0.11317032967032968	0.0	0.255
7tas_H_L_E	0.11316883116883115	0.0	0.322
7tat_H_L_A	0.11316883116883115	0.0	0.322
7r8l_H_L_E	0.11258809523809524	0.0	0.508
7czr_H_K_A	0.11253809523809526	0.0	0.408
7e5y_C_B_A	0.11228849206349208	0.0	0.562
6xkq_H_L_A	0.11190019841269841	0.0	0.633
7s4s_H_L_A	0.11189444444444445	0.0	0.523
7ben_D_F_C	0.11150119047619048	0.0	0.465
7ben_H_L_E	0.11150119047619048	0.0	0.465
7ora_H_L_C	0.11150119047619048	0.0	0.465
7ly0_H_L_A	0.11108603896103897	0.5	0.368
7ly2_G_I_B	0.11108603896103897	0.455	0.368
7mzf_H_L_A	0.11037440476190476	0.0	0.528
7k9j_I_M_B	0.110316163003663	0.0	0.255
7k9j_J_N_C	0.110316163003663	0.0	0.255
7k9k_H_L_A	0.110316163003663	0.0	0.255
7v26_a_b_A	0.10979404761904762	0.0	0.619
7v26_c_d_C	0.10979404761904762	0.0	0.619
7e7y_A_B_R	0.10974345238095239	0.0	0.713
7e7y_C_D_E	0.10974345238095239	0.0	0.713
7kqe_H_L_A	0.10923452380952381	0.0	0.473
7kqe_I_N_B	0.10923452380952381	0.0	0.473
7m7b_H_L_A	0.10923452380952381	0.0	0.473
7ra8_C_D_B	0.10917500000000001	0.0	0.273
7mzl_H_L_A	0.10894062049062052	0.0	0.468
7e88_A_B_C	0.10891428571428571	0.0	0.528
7e88_D_E_F	0.10891428571428571	0.0	0.528
7e88_G_H_I	0.10891428571428571	0.0	0.528
7m6g_R_S_B	0.10885714285714285	0.0	0.473
7n3i_H_L_C	0.1088547619047619	0.0	0.532
7lxw_H_L_A	0.10855911588411588	0.357	0.348
7w9f_A_B_E	0.10800833333333335	0.0	0.308
7nd4_F_G_B	0.10768095238095239	0.0	0.616
7nd4_H_L_C	0.10768095238095239	0.0	0.616
7l2c_C_D_B	0.10724404761904761	0.545	0.655
7l2c_H_L_A	0.10724404761904761	0.619	0.655
7q9f_H_L_A	0.10631130952380954	0.0	0.46
7q9f_J_K_C	0.10631130952380954	0.0	0.46
7prz_H_L_E	0.1051571428571429	0.0	0.534
7f7e_C_L_E	0.10305416666666667	0.0	0.528
7ps2_A_B_G	0.1025015873015873	0.0	0.533
7ps6_H_L_E	0.10226349206349207	0.0	0.478
7kfv_C_D_B	0.10128154761904763	0.0	0.535
7kfv_F_G_E	0.10128154761904763	0.0	0.535
7chc_A_B_R	0.10069318181818182	0.0	0.526
7che_A_B_R	0.10069318181818182	0.0	0.526
7chh_D_E_A	0.10069318181818182	0.0	0.526
7chh_J_K_C	0.10069318181818182	0.0	0.526
7sc1_M_N_B	0.10004635642135642	0.0	0.53
7bej_H_L_E	0.09982261904761906	0.0	0.53
7bek_H_L_E	0.09982261904761906	0.0	0.53
7nd6_H_L_B	0.09982261904761906	0.0	0.53
6xc2_H_L_A	0.09946064213564212	0.0	0.537
6xc3_B_A_C	0.09946064213564212	0.0	0.537
7lcn_H_L_C	0.09911937229437229	0.115	0.631
7k8m_A_B_E	0.09852619047619048	0.0	0.522
7e8f_C_B_R	0.09830357142857143	0.0	0.526
7f62_H_L_A	0.09794404761904761	0.0	0.396
7czt_H_L_A	0.09791547619047618	0.0	0.51
7ej5_H_L_A	0.097875	0.0	0.356
7ej5_J_N_C	0.097875	0.0	0.356
7ch5_H_L_R	0.09492797619047619	0.0	0.538
7q9k_D_E_B	0.09371666666666668	0.0	0.477
7dk4_a_b_A	0.09267857142857143	0.0	0.39
7dk4_e_f_C	0.09267857142857143	0.0	0.39
7dk7_c_d_B	0.09267857142857143	0.0	0.39
6xc4_H_L_A	0.09162738095238096	0.0	0.544
6xc4_X_Y_Z	0.09162738095238096	0.0	0.544
6xc7_C_D_A	0.09162738095238096	0.0	0.544
7mzj_F_E_A	0.09159338023088025	0.0	0.709
7kfw_C_D_B	0.0886579365079365	0.0	0.53
7cwt_E_D_A	0.08672857142857143	0.0	0.316
7cyh_E_D_A	0.08672857142857143	0.0	0.318
7e5s_R_O_A	0.08672857142857143	0.0	0.501
7k90_M_N_A	0.08325357142857143	0.0	0.703
6wps_C_D_B	0.08292500000000001	0.0	0.271
6wpt_D_E_A	0.08292500000000001	0.0	0.271
7bep_H_L_E	0.08292500000000001	0.0	0.478
7jx3_A_B_R	0.08292500000000001	0.0	0.474
7l0n_C_D_S	0.08292500000000001	0.0	0.474
7tly_A_B_I	0.08292500000000001	0.0	0.321
7tn0_B_A_I	0.08292500000000001	0.0	0.474
7tn0_C_D_S	0.08292500000000001	0.0	0.474
7chf_H_L_R	0.0819138888888889	0.0	0.546
7e8c_D_E_C	0.0819138888888889	0.0	0.544
7e8c_O_Q_A	0.0819138888888889	0.0	0.544
7e8f_D_E_R	0.0819138888888889	0.0	0.546
7eam_C_D_B	0.08039206349206349	0.0	0.384
7q9g_E_F_B	0.05991071428571428	0.0	0.331
