abname	sesascore	episim	absim
7chf_H_L_R	0.51575	0.767	0.811
7e8c_D_E_C	0.51575	0.846	0.809
7e8c_O_Q_A	0.51575	0.815	0.809
7e8f_D_E_R	0.51575	0.852	0.811
7kfw_C_D_B	0.5086833333333334	0.759	0.817
7q9g_E_F_B	0.4824428571428571	0.0	0.457
7cdi_H_L_E	0.44854166666666667	0.808	0.906
7pqy_B_C_A	0.42554226190476185	0.808	0.789
7pqz_H_L_E	0.42554226190476185	0.741	0.789
7q0g_H_L_E	0.42554226190476185	0.704	0.789
6xc4_H_L_A	0.4200867673992674	0.84	0.945
6xc4_X_Y_Z	0.4200867673992674	0.769	0.945
6xc7_C_D_A	0.4200867673992674	0.875	0.945
7bem_H_L_E	0.4196375	0.71	0.425
7sc1_M_N_B	0.4140138888888889	0.586	0.796
6xc2_H_L_A	0.40824166666666667	0.719	0.816
6xc3_B_A_C	0.40824166666666667	0.677	0.816
7kfv_C_D_B	0.40146666666666664	0.821	0.824
7kfv_F_G_E	0.40146666666666664	0.821	0.824
7e86_A_B_C	0.39673333333333327	0.7	0.816
7r8l_H_L_E	0.3820555555555555	0.92	0.886
7e5y_C_B_A	0.38182619047619043	0.731	0.711
7n3i_H_L_C	0.36935784313725484	0.846	0.954
7k8m_A_B_E	0.36122023809523807	1.0	1.0
7jmo_H_L_A	0.34539950980392153	0.821	0.932
7bej_H_L_E	0.3387255952380952	0.719	0.8
7bek_H_L_E	0.3387255952380952	0.742	0.8
7nd6_H_L_B	0.3387255952380952	0.742	0.8
7kmk_I_M_B	0.33306249999999993	0.429	0.784
7kxk_I_M_B	0.33306249999999993	0.357	0.784
7c01_C_D_B	0.30721369047619046	0.613	0.836
7np1_H_L_A	0.306609126984127	0.72	0.784
7np1_I_M_B	0.306609126984127	0.72	0.784
7np1_J_N_C	0.306609126984127	0.778	0.784
7np1_K_O_D	0.306609126984127	0.76	0.784
6xcn_B_D_A	0.30631666666666674	0.667	0.591
6xcn_H_L_C	0.30631666666666674	0.667	0.591
7dk4_a_b_A	0.27661904761904765	0.314	0.482
7dk4_e_f_C	0.27661904761904765	0.333	0.482
7dk7_c_d_B	0.27661904761904765	0.282	0.482
7mzj_F_E_A	0.2518375	0.538	0.545
7ch5_H_L_R	0.24901904761904764	0.778	0.938
7kmg_A_B_C	0.22576666666666664	0.083	0.664
7s4s_H_L_A	0.2230924603174603	0.846	0.903
7m6d_H_L_C	0.222218954248366	0.8	0.899
7m6g_R_S_B	0.21915	0.0	0.777
7tht_a_c_S	0.21343132006882007	0.077	0.305
7tht_H_L_C	0.21343132006882007	0.103	0.305
7m3i_H_L_R	0.19879110195360197	0.0	0.505
7dk0_A_B_C	0.1896779761904762	0.077	0.572
7ks9_H_L_B	0.1870577380952381	0.733	0.798
7r6x_H_L_R	0.18068690476190477	0.0	0.768
7f62_H_L_A	0.18024543650793648	0.258	0.521
7dcx_A_F_C	0.17280654761904765	0.093	0.481
7dcx_E_H_K	0.17280654761904765	0.244	0.481
7q6e_E_F_B	0.1723595238095238	0.0	0.762
7q6e_J_K_C	0.1723595238095238	0.0	0.762
7e3b_B_C_A	0.17163333333333333	0.0	0.508
7e8f_C_B_R	0.16825515873015873	0.0	0.758
7mzf_H_L_A	0.16729166666666667	0.821	0.819
7lxz_E_D_A	0.16469999999999999	0.121	0.351
7byr_H_L_B	0.15950357142857144	0.121	0.302
7k9z_H_L_E	0.1588738095238095	0.0	0.687
7chc_A_B_R	0.15815634920634924	0.0	0.758
7che_A_B_R	0.15815634920634924	0.0	0.758
7chh_D_E_A	0.15815634920634924	0.0	0.758
7chh_J_K_C	0.15815634920634924	0.0	0.758
7faf_g_f_B	0.15266984126984123	0.0	0.491
7ra8_C_D_B	0.15125346002037177	0.059	0.274
7dk2_A_B_C	0.15035833333333337	0.6	0.776
7r8o_H_L_B	0.1502828431372549	0.132	0.47
7r8o_M_N_E	0.1502828431372549	0.108	0.47
7q9k_D_E_B	0.14971190476190474	0.03	0.682
7jx3_C_D_R	0.1474357142857143	0.323	0.525
7e88_A_B_C	0.1472194264069264	0.76	0.787
7e88_D_E_F	0.1472194264069264	0.8	0.787
7e88_G_H_I	0.1472194264069264	0.731	0.787
7beh_H_L_E	0.14710238095238093	0.129	0.461
7nd7_F_G_B	0.14710238095238093	0.161	0.476
7nd7_J_K_C	0.14710238095238093	0.156	0.476
7e7y_A_B_R	0.1456916666666667	0.286	0.551
7e7y_C_D_E	0.1456916666666667	0.214	0.551
7bep_A_B_E	0.14510714285714285	0.133	0.715
7nd8_H_L_B	0.14510714285714285	0.133	0.715
7ps0_B_C_A	0.14487261904761903	0.161	0.482
7m42_B_A_E	0.144375	0.133	0.474
7pry_C_D_I	0.14311527777777777	0.067	0.732
7q9f_H_L_A	0.1428876984126984	0.0	0.75
7q9f_J_K_C	0.1428876984126984	0.0	0.75
7lab_T_S_A	0.14141785714285715	0.0	0.726
7lab_Y_X_B	0.14141785714285715	0.0	0.726
7cah_E_D_A	0.13998661616161615	0.0	0.474
7cak_E_D_A	0.13998661616161615	0.0	0.661
7cwn_E_D_B	0.13998661616161615	0.0	0.641
7cwn_H_N_C	0.13998661616161615	0.0	0.641
7e5r_L_H_A	0.13998661616161615	0.0	0.661
7e5s_L_D_B	0.13998661616161615	0.0	0.661
7cdj_H_L_E	0.13885238095238095	0.139	0.77
7ps4_B_C_A	0.1367986111111111	0.0	0.474
7v26_a_b_A	0.1360027777777778	0.027	0.465
7v26_c_d_C	0.1360027777777778	0.053	0.465
7e7x_M_N_B	0.13558750000000003	0.0	0.48
7nd4_F_G_B	0.13409523809523813	0.462	0.45
7nd4_H_L_C	0.13409523809523813	0.444	0.45
7wd9_G_H_C	0.13281666666666667	0.0	0.47
7wk9_a_b_B	0.13281666666666667	0.0	0.47
7wk9_c_d_C	0.13281666666666667	0.0	0.47
6w41_H_L_C	0.1322785714285714	0.0	0.686
6xc7_H_L_A	0.1322785714285714	0.0	0.686
7a5s_H_L_A	0.1322785714285714	0.0	0.635
7r8l_C_D_E	0.1322785714285714	0.0	0.686
7k90_M_N_A	0.13167380952380953	0.129	0.584
7ljr_S_T_A	0.1296375	0.093	0.522
7czr_H_K_A	0.12924107142857144	0.8	0.589
7k9h_I_M_C	0.1285926046176046	0.065	0.273
7k9z_B_A_E	0.12792548382989563	0.25	0.701
7e8c_H_L_A	0.12672728758169935	0.0	0.522
7e8f_H_L_A	0.12672728758169935	0.0	0.522
7czp_H_L_A	0.12616904761904763	0.406	0.377
7kqe_H_L_A	0.1261232142857143	0.0	0.371
7kqe_I_N_B	0.1261232142857143	0.0	0.371
7m7b_H_L_A	0.1261232142857143	0.0	0.371
7ps6_H_L_E	0.12364940476190477	0.097	0.693
7ben_D_F_C	0.12301617647058824	0.333	0.753
7ben_H_L_E	0.12301617647058824	0.385	0.753
7ora_H_L_C	0.12301617647058824	0.346	0.753
7djz_A_B_C	0.12186428571428572	0.194	0.721
6xkq_H_L_A	0.12112500000000001	0.367	0.447
7chs_H_L_E	0.12064166666666666	0.821	0.813
7ps7_A_B_E	0.11975320512820513	0.103	0.482
7ps7_H_L_R	0.11975320512820513	0.1	0.482
7ps2_A_B_G	0.11922500000000001	0.4	0.745
6xdg_B_D_E	0.11844166666666667	0.259	0.768
7pqz_A_B_E	0.11769166666666667	0.029	0.548
7sn3_F_G_B	0.11695535714285714	0.0	0.772
7sn3_H_L_C	0.11695535714285714	0.0	0.772
7beo_C_D_X	0.11689117647058823	0.346	0.756
7beo_H_L_R	0.11689117647058823	0.333	0.756
7nd9_H_L_B	0.11689117647058823	0.385	0.726
7s0e_H_L_A	0.11675833333333334	0.0	0.783
7l7e_C_D_b	0.11501989633173844	0.0	0.739
7l7e_E_F_G	0.11501989633173844	0.0	0.739
7mmo_A_B_C	0.11481071428571428	0.086	0.567
7mmo_D_E_F	0.11481071428571428	0.086	0.567
7k9j_I_M_B	0.11389801587301585	0.0	0.281
7k9j_J_N_C	0.11389801587301585	0.0	0.281
7k9k_H_L_A	0.11389801587301585	0.0	0.281
7ld1_P_O_A	0.11339383116883117	0.128	0.707
7k8x_E_G_A	0.11311785714285712	0.061	0.499
7akd_D_E_C	0.11292083333333335	0.0	0.334
7czy_H_K_A	0.11211190476190477	0.385	0.508
7lq7_P_Q_A	0.11155701754385966	0.047	0.679
7lq7_y_z_E	0.11155701754385966	0.048	0.679
7lrt_D_E_C	0.11133522408963586	0.32	0.763
7kzb_H_L_C	0.11002023809523809	0.0	0.76
7kqb_H_L_A	0.10931666666666666	0.135	0.561
7kqb_K_J_C	0.10931666666666666	0.132	0.561
7kn3_H_L_A	0.10814133880825057	0.314	0.8
7e3l_D_E_A	0.1080935574229692	0.286	0.743
7tas_H_L_E	0.10770238095238095	0.265	0.326
7tat_H_L_A	0.10770238095238095	0.241	0.326
7qny_A_B_E	0.10730714285714285	0.0	0.532
7mzj_H_L_A	0.10701547619047617	0.0	0.742
7mzl_H_L_A	0.10651130952380954	0.485	0.693
7bnv_H_L_A	0.10645833333333331	0.029	0.731
7mf1_H_L_A	0.10625714285714286	0.0	0.483
7mzk_N_M_B	0.10616329365079363	0.03	0.688
7lss_H_L_B	0.10503690476190476	0.029	0.257
7cwn_G_F_A	0.10496071428571431	0.091	0.76
7e5r_M_U_A	0.10496071428571431	0.062	0.386
7e5r_T_V_B	0.10496071428571431	0.065	0.386
7e5s_I_K_B	0.10496071428571431	0.111	0.386
7cwt_P_M_C	0.10478690476190476	0.0	0.27
7cwu_N_G_B	0.10478690476190476	0.0	0.27
7cwu_P_I_C	0.10478690476190476	0.0	0.27
7e5r_X_S_C	0.10478690476190476	0.0	0.27
7e5s_U_Q_B	0.10478690476190476	0.0	0.27
7l5b_H_L_A	0.10421428571428572	0.083	0.454
7dpm_A_B_C	0.10410416666666668	0.026	0.762
7dpm_G_H_I	0.10410416666666668	0.0	0.762
7dpm_J_K_L	0.10410416666666668	0.027	0.762
7bel_A_B_R	0.10379355742296918	0.0	0.735
7bel_C_D_X	0.10379355742296918	0.0	0.735
7ora_D_E_C	0.10379355742296918	0.0	0.747
7cm4_H_L_A	0.10316190476190475	0.242	0.36
7lcn_H_L_C	0.10181428571428572	0.0	0.462
7l2c_C_D_B	0.10166666666666666	0.0	0.477
7l2c_H_L_A	0.10166666666666666	0.0	0.477
7n5h_H_L_A	0.10140238095238095	0.079	0.385
6wps_C_D_B	0.10060335497835497	0.0	0.351
6wpt_D_E_A	0.10060335497835497	0.0	0.351
7bep_H_L_E	0.10060335497835497	0.0	0.755
7jx3_A_B_R	0.10060335497835497	0.0	0.751
7l0n_C_D_S	0.10060335497835497	0.0	0.751
7tly_A_B_I	0.10060335497835497	0.0	0.565
7tn0_B_A_I	0.10060335497835497	0.0	0.751
7tn0_C_D_S	0.10060335497835497	0.0	0.751
7prz_H_L_E	0.09996426767676768	0.419	0.748
7msq_H_L_A	0.0989452380952381	0.0	0.694
7ly0_H_L_A	0.09884444444444444	0.0	0.345
7ly2_G_I_B	0.09884444444444444	0.0	0.345
7rkv_D_H_B	0.09759749373433584	0.0	0.565
7rkv_E_F_A	0.09759749373433584	0.0	0.565
7rkv_G_L_C	0.09759749373433584	0.0	0.565
6zdg_B_C_A	0.09682738095238096	0.0	0.788
6zdh_D_F_B	0.09682738095238096	0.0	0.788
6zdh_G_I_C	0.09682738095238096	0.0	0.788
6zfo_B_C_A	0.09682738095238096	0.0	0.788
7nx9_H_L_E	0.09682738095238096	0.0	0.788
7nxa_H_L_E	0.09682738095238096	0.0	0.788
7nxb_H_L_E	0.09682738095238096	0.0	0.788
7qnw_H_L_E	0.09682738095238096	0.0	0.788
7f7e_C_L_E	0.09437988400488401	0.027	0.749
6xdg_C_A_E	0.09416250000000001	0.0	0.547
7eam_C_D_B	0.09314523809523811	0.0	0.454
7n8i_H_L_A	0.09149523809523809	0.0	0.356
7so9_C_B_A	0.09149523809523809	0.0	0.355
7soa_H_L_A	0.09149523809523809	0.0	0.355
7tm0_I_H_A	0.09149523809523809	0.0	0.357
7czt_H_L_A	0.0893125	0.469	0.42
7qnw_A_B_E	0.0857202380952381	0.057	0.688
7cwt_E_D_A	0.08478333333333334	0.118	0.396
7cyh_E_D_A	0.08478333333333334	0.125	0.393
7e5s_R_O_A	0.08478333333333334	0.133	0.588
7wcz_a_b_A	0.08420773809523811	0.185	0.458
7wd7_a_b_A	0.08420773809523811	0.24	0.458
7lxw_H_L_A	0.08253154761904763	0.0	0.335
7k8s_H_L_A	0.07909999999999999	0.086	0.806
7k8s_M_N_C	0.07909999999999999	0.094	0.806
7k8s_O_P_B	0.07909999999999999	0.1	0.806
7k8t_M_N_B	0.07909999999999999	0.061	0.806
7k8t_O_P_A	0.07909999999999999	0.105	0.806
7l7e_H_L_S	0.07699117647058824	0.259	0.752
7l7e_I_J_K	0.07699117647058824	0.286	0.752
7ej5_H_L_A	0.07050000000000002	0.25	0.474
7ej5_J_N_C	0.07050000000000002	0.231	0.474
7w9f_A_B_E	0.06571666666666667	0.296	0.357
7ben_G_I_C	0.05859523809523809	0.0	0.749
7orb_E_F_X	0.05859523809523809	0.0	0.749
