abname	sesascore	episim	absim
7lxz_E_D_A	0.4237595057720058	0.733	0.347
7k90_M_N_A	0.21916666666666668	0.6	0.755
7wcz_a_b_A	0.21458630952380958	0.167	0.394
7wd7_a_b_A	0.21458630952380958	0.111	0.394
7r8o_H_L_B	0.20989305694305696	0.455	0.717
7r8o_M_N_E	0.20989305694305696	0.429	0.717
7ps4_B_C_A	0.207625	0.19	0.704
7ben_D_F_C	0.19282083333333333	0.19	0.52
7ben_H_L_E	0.19282083333333333	0.19	0.52
7ora_H_L_C	0.19282083333333333	0.2	0.52
7beo_C_D_X	0.19177916666666667	0.2	0.52
7beo_H_L_R	0.19177916666666667	0.19	0.52
7nd9_H_L_B	0.19177916666666667	0.19	0.503
7akd_D_E_C	0.19135119047619048	0.0	0.25
7msq_H_L_A	0.186875	0.0	0.476
7e3l_D_E_A	0.18679880952380956	0.19	0.506
7lrt_D_E_C	0.18636130952380953	0.158	0.518
7l7e_H_L_S	0.18319047619047618	0.278	0.509
7l7e_I_J_K	0.18319047619047618	0.25	0.509
6wps_C_D_B	0.17892142857142856	0.0	0.334
6wpt_D_E_A	0.17892142857142856	0.0	0.334
7bep_H_L_E	0.17892142857142856	0.0	0.538
7jx3_A_B_R	0.17892142857142856	0.0	0.535
7l0n_C_D_S	0.17892142857142856	0.0	0.535
7tly_A_B_I	0.17892142857142856	0.0	0.381
7tn0_B_A_I	0.17892142857142856	0.0	0.535
7tn0_C_D_S	0.17892142857142856	0.0	0.535
7kn3_H_L_A	0.17807628205128206	0.4	0.497
7czy_H_K_A	0.17731170634920637	0.25	0.426
7e8f_C_B_R	0.17359583333333337	0.278	0.464
7mzk_N_M_B	0.17235476190476196	0.045	0.562
7lab_T_S_A	0.16835416666666667	0.0	0.509
7lab_Y_X_B	0.16835416666666667	0.0	0.509
6xcn_B_D_A	0.16692500000000002	0.036	0.745
6xcn_H_L_C	0.16692500000000002	0.036	0.745
6w41_H_L_C	0.16690833333333333	0.0	0.5
6xc7_H_L_A	0.16690833333333333	0.0	0.5
7a5s_H_L_A	0.16690833333333333	0.0	0.468
7r8l_C_D_E	0.16690833333333333	0.0	0.5
7chc_A_B_R	0.16678869047619052	0.211	0.466
7che_A_B_R	0.16678869047619052	0.294	0.466
7chh_D_E_A	0.16678869047619052	0.353	0.466
7chh_J_K_C	0.16678869047619052	0.263	0.466
7beh_H_L_E	0.16635555555555553	0.6	0.819
7nd7_F_G_B	0.16635555555555553	0.562	0.856
7nd7_J_K_C	0.16635555555555553	0.529	0.856
7ps0_B_C_A	0.16617380952380953	0.19	0.697
7pry_C_D_I	0.1659916666666667	0.05	0.454
7dpm_A_B_C	0.16341666666666668	0.0	0.472
7dpm_G_H_I	0.16341666666666668	0.0	0.472
7dpm_J_K_L	0.16341666666666668	0.0	0.472
7dcx_A_F_C	0.1622434523809524	0.0	0.378
7dcx_E_H_K	0.1622434523809524	0.0	0.378
7prz_H_L_E	0.16162619047619048	0.138	0.48
7cwt_E_D_A	0.16153928571428572	0.08	0.268
7cyh_E_D_A	0.16153928571428572	0.042	0.268
7e5s_R_O_A	0.16153928571428572	0.045	0.433
7faf_g_f_B	0.1582	0.3	0.406
7n5h_H_L_A	0.15725000000000003	0.0	0.26
7dk0_A_B_C	0.15564502164502164	0.55	0.672
7cah_E_D_A	0.1554914502164502	0.0	0.463
7cak_E_D_A	0.1554914502164502	0.0	0.498
7cwn_E_D_B	0.1554914502164502	0.0	0.486
7cwn_H_N_C	0.1554914502164502	0.0	0.486
7e5r_L_H_A	0.1554914502164502	0.0	0.498
7e5s_L_D_B	0.1554914502164502	0.0	0.498
6xdg_B_D_E	0.15455714285714287	0.278	0.483
7dk2_A_B_C	0.15098452380952382	0.156	0.473
7cwn_G_F_A	0.14895416666666667	0.389	0.48
7e5r_M_U_A	0.14895416666666667	0.353	0.292
7e5r_T_V_B	0.14895416666666667	0.375	0.292
7e5s_I_K_B	0.14895416666666667	0.45	0.292
7m3i_H_L_R	0.1484809523809524	0.0	0.633
7e8c_H_L_A	0.14707162698412696	0.0	0.65
7e8f_H_L_A	0.14707162698412696	0.0	0.65
7nd4_F_G_B	0.1464734126984127	0.174	0.633
7nd4_H_L_C	0.1464734126984127	0.217	0.633
7kmk_I_M_B	0.14589702380952382	0.261	0.496
7kxk_I_M_B	0.14589702380952382	0.35	0.496
7dk4_a_b_A	0.14559722222222224	0.25	0.38
7dk4_e_f_C	0.14559722222222224	0.32	0.38
7dk7_c_d_B	0.14559722222222224	0.345	0.38
7m6g_R_S_B	0.1426847041847042	0.368	0.542
7ld1_P_O_A	0.14267460317460318	0.0	0.515
7k9z_B_A_E	0.14129502164502167	0.263	0.55
7m42_B_A_E	0.1403595238095238	0.643	0.841
7ljr_S_T_A	0.1381779761904762	0.385	0.395
7kqb_H_L_A	0.1379375	0.476	0.388
7kqb_K_J_C	0.1379375	0.455	0.388
7q6e_E_F_B	0.13732279942279943	0.0	0.519
7q6e_J_K_C	0.13732279942279943	0.0	0.519
7mzj_F_E_A	0.13722261904761904	0.115	0.649
7bep_A_B_E	0.13692698412698415	0.353	0.471
7nd8_H_L_B	0.13692698412698415	0.353	0.471
7tas_H_L_E	0.13673739316239317	0.455	0.298
7tat_H_L_A	0.13673739316239317	0.25	0.298
7czt_H_L_A	0.13640833333333333	0.161	0.486
7ps2_A_B_G	0.13634978354978358	0.192	0.482
7lq7_P_Q_A	0.13577738095238095	0.0	0.56
7lq7_y_z_E	0.13577738095238095	0.0	0.56
7cdj_H_L_E	0.13513392857142856	0.429	0.482
7f62_H_L_A	0.1351125	0.167	0.373
7byr_H_L_B	0.1345456168831169	0.529	0.327
7k9h_I_M_C	0.13425492424242425	0.692	0.257
7q9f_H_L_A	0.134125	0.0	0.518
7q9f_J_K_C	0.134125	0.0	0.518
7q9k_D_E_B	0.13405059523809526	0.0	0.564
7czp_H_L_A	0.13373333333333332	0.172	0.522
7e7x_M_N_B	0.13366666666666668	0.0	0.803
7pqz_A_B_E	0.13339404761904763	0.043	0.7
7rkv_D_H_B	0.1330482142857143	0.0	0.66
7rkv_E_F_A	0.1330482142857143	0.0	0.66
7rkv_G_L_C	0.1330482142857143	0.0	0.66
7jx3_C_D_R	0.1325888888888889	0.111	0.652
7cm4_H_L_A	0.1322984126984127	0.5	0.467
7lcn_H_L_C	0.13101666666666664	0.0	0.774
7ej5_H_L_A	0.1298702380952381	0.143	0.383
7ej5_J_N_C	0.1298702380952381	0.105	0.383
6xc4_H_L_A	0.1296503968253968	0.061	0.492
6xc4_X_Y_Z	0.1296503968253968	0.094	0.492
6xc7_C_D_A	0.1296503968253968	0.062	0.492
7mf1_H_L_A	0.12912962184873947	0.35	0.771
7djz_A_B_C	0.12869464285714285	0.455	0.524
7k9z_H_L_E	0.12806010101010099	0.25	0.538
7e7y_A_B_R	0.1276452380952381	0.19	0.729
7e7y_C_D_E	0.1276452380952381	0.211	0.729
7qnw_A_B_E	0.12755119047619046	0.0	0.465
7n8i_H_L_A	0.12745508658008659	0.0	0.269
7so9_C_B_A	0.12745508658008659	0.0	0.271
7soa_H_L_A	0.12745508658008659	0.0	0.271
7tm0_I_H_A	0.12745508658008659	0.0	0.273
7f7e_C_L_E	0.12726071428571428	0.038	0.472
7bnv_H_L_A	0.12723333333333334	0.0	0.495
7k8m_A_B_E	0.12659761904761904	0.061	0.499
7l2c_C_D_B	0.12659464285714286	0.0	0.802
7l2c_H_L_A	0.12659464285714286	0.0	0.802
7sn3_F_G_B	0.12546904761904762	0.0	0.449
7sn3_H_L_C	0.12546904761904762	0.0	0.449
7w9f_A_B_E	0.12530357142857143	0.143	0.334
7kqe_H_L_A	0.12521785714285713	0.0	0.483
7kqe_I_N_B	0.12521785714285713	0.0	0.483
7m7b_H_L_A	0.12521785714285713	0.0	0.483
7l5b_H_L_A	0.12482976190476192	0.556	0.815
7ps7_A_B_E	0.12422142857142858	0.05	0.624
7ps7_H_L_R	0.12422142857142858	0.1	0.624
7kmg_A_B_C	0.1241625	0.474	0.532
7ps6_H_L_E	0.12403333333333333	0.045	0.474
7chs_H_L_E	0.12391677489177491	0.081	0.493
7l7e_C_D_b	0.12349166666666667	0.4	0.481
7l7e_E_F_G	0.12349166666666667	0.333	0.481
7ben_G_I_C	0.1228392857142857	0.35	0.485
7orb_E_F_X	0.1228392857142857	0.273	0.485
7jmo_H_L_A	0.12277537878787878	0.111	0.494
7k8s_H_L_A	0.12258928571428572	0.421	0.502
7k8s_M_N_C	0.12258928571428572	0.412	0.502
7k8s_O_P_B	0.12258928571428572	0.571	0.502
7k8t_M_N_B	0.12258928571428572	0.412	0.502
7k8t_O_P_A	0.12258928571428572	0.476	0.502
7s4s_H_L_A	0.12226250000000002	0.088	0.475
7e3b_B_C_A	0.12213333333333334	0.154	0.366
7m6d_H_L_C	0.12183670634920635	0.097	0.488
7mzj_H_L_A	0.121725	0.259	0.479
7lxw_H_L_A	0.1217142857142857	0.0	0.267
7cwt_P_M_C	0.12138699633699633	0.0	0.335
7cwu_N_G_B	0.12138699633699633	0.0	0.335
7cwu_P_I_C	0.12138699633699633	0.0	0.335
7e5r_X_S_C	0.12138699633699633	0.0	0.335
7e5s_U_Q_B	0.12138699633699633	0.0	0.335
7s0e_H_L_A	0.12034880952380954	0.0	0.488
7bel_A_B_R	0.12027424242424242	0.0	0.487
7bel_C_D_X	0.12027424242424242	0.0	0.487
7ora_D_E_C	0.12027424242424242	0.0	0.493
6xdg_C_A_E	0.11952500000000002	0.105	0.747
7c01_C_D_B	0.11912537878787881	0.083	0.504
7qny_A_B_E	0.11763263125763126	0.111	0.639
7r6x_H_L_R	0.11690952380952382	0.0	0.484
7ra8_C_D_B	0.1164809523809524	0.0	0.357
7mzl_H_L_A	0.11460178571428571	0.267	0.456
7n3i_H_L_C	0.11425833333333334	0.088	0.496
6xkq_H_L_A	0.11414583333333334	0.2	0.766
7pqy_B_C_A	0.11386666666666666	0.161	0.478
7pqz_H_L_E	0.11386666666666666	0.161	0.478
7q0g_H_L_E	0.11386666666666666	0.167	0.478
7cdi_H_L_E	0.11335694444444444	0.091	0.482
7kzb_H_L_C	0.11301428571428572	0.0	0.481
7e5y_C_B_A	0.11262500000000002	0.097	0.503
7mmo_A_B_C	0.11195833333333333	0.08	0.504
7mmo_D_E_F	0.11195833333333333	0.08	0.504
7r8l_H_L_E	0.1116154761904762	0.088	0.465
7tht_a_c_S	0.11009285714285716	0.476	0.335
7tht_H_L_C	0.11009285714285716	0.455	0.335
7kfv_C_D_B	0.11003371212121213	0.111	0.496
7kfv_F_G_E	0.11003371212121213	0.111	0.496
7lss_H_L_B	0.10968095238095239	0.087	0.3
7e88_A_B_C	0.10838055555555555	0.065	0.467
7e88_D_E_F	0.10838055555555555	0.062	0.467
7e88_G_H_I	0.10838055555555555	0.03	0.467
7k8x_E_G_A	0.10780198412698412	1.0	1.0
7k9j_I_M_B	0.10707440476190476	0.045	0.286
7k9j_J_N_C	0.10707440476190476	0.043	0.286
7k9k_H_L_A	0.10707440476190476	0.04	0.286
7mzf_H_L_A	0.10695654761904765	0.053	0.482
7ks9_H_L_B	0.10639523809523808	0.108	0.482
7e86_A_B_C	0.10561666666666666	0.176	0.488
6zdg_B_C_A	0.10557500000000002	0.0	0.489
6zdh_D_F_B	0.10557500000000002	0.0	0.489
6zdh_G_I_C	0.10557500000000002	0.0	0.489
6zfo_B_C_A	0.10557500000000002	0.0	0.489
7nx9_H_L_E	0.10557500000000002	0.0	0.489
7nxa_H_L_E	0.10557500000000002	0.0	0.489
7nxb_H_L_E	0.10557500000000002	0.0	0.489
7qnw_H_L_E	0.10557500000000002	0.0	0.489
7bej_H_L_E	0.10465	0.048	0.483
7bek_H_L_E	0.10465	0.049	0.483
7nd6_H_L_B	0.10465	0.049	0.483
7eam_C_D_B	0.10387797619047619	0.0	0.412
7ly0_H_L_A	0.10347876984126986	0.0	0.276
7ly2_G_I_B	0.10347876984126986	0.0	0.276
7ch5_H_L_R	0.10343095238095236	0.088	0.469
7v26_a_b_A	0.103325	0.08	0.702
7v26_c_d_C	0.103325	0.074	0.702
6xc2_H_L_A	0.10268549783549784	0.1	0.49
6xc3_B_A_C	0.10268549783549784	0.108	0.49
7np1_H_L_A	0.10145454545454544	0.103	0.484
7np1_I_M_B	0.10145454545454544	0.067	0.484
7np1_J_N_C	0.10145454545454544	0.088	0.484
7np1_K_O_D	0.10145454545454544	0.1	0.484
7bem_H_L_E	0.09989166666666668	0.105	0.312
7sc1_M_N_B	0.09880952380952382	0.129	0.489
7q9g_E_F_B	0.09875	0.027	0.262
7czr_H_K_A	0.09755833333333332	0.097	0.386
7kfw_C_D_B	0.09660454545454546	0.143	0.493
7wd9_G_H_C	0.08769166666666667	0.0	0.404
7wk9_a_b_B	0.08769166666666667	0.0	0.404
7wk9_c_d_C	0.08769166666666667	0.0	0.404
7chf_H_L_R	0.08472121212121211	0.077	0.493
7e8c_D_E_C	0.08472121212121211	0.088	0.492
7e8c_O_Q_A	0.08472121212121211	0.118	0.492
7e8f_D_E_R	0.08472121212121211	0.083	0.493
