abname	sesascore	episim	absim
7cwt_E_D_A	0.37647261904761903	0.0	0.308
7cyh_E_D_A	0.37647261904761903	0.0	0.305
7e5s_R_O_A	0.37647261904761903	0.0	0.489
7lrt_D_E_C	0.35971349206349207	0.692	0.759
7ben_D_F_C	0.34064404761904765	0.562	0.756
7ben_H_L_E	0.34064404761904765	0.667	0.756
7ora_H_L_C	0.34064404761904765	0.5	0.756
7beo_C_D_X	0.3367440476190475	0.6	0.756
7beo_H_L_R	0.3367440476190475	0.562	0.756
7nd9_H_L_B	0.3367440476190475	0.667	0.722
7e3l_D_E_A	0.2807875000000001	0.562	0.749
7l7e_H_L_S	0.26381250000000006	0.769	0.742
7l7e_I_J_K	0.26381250000000006	0.786	0.742
7ps6_H_L_E	0.2548916666666666	0.0	0.67
7pry_C_D_I	0.19415357142857148	0.0	0.676
7n8i_H_L_A	0.1856486111111111	0.0	0.289
7so9_C_B_A	0.1856486111111111	0.0	0.288
7soa_H_L_A	0.1856486111111111	0.0	0.288
7tm0_I_H_A	0.1856486111111111	0.0	0.29
7m6g_R_S_B	0.17645932539682543	0.04	0.773
7ej5_H_L_A	0.1728138888888889	0.6	0.508
7ej5_J_N_C	0.1728138888888889	0.5	0.508
7wcz_a_b_A	0.1648607142857143	0.5	0.534
7wd7_a_b_A	0.1648607142857143	0.538	0.534
7w9f_A_B_E	0.16264444444444445	0.6	0.391
7e7y_A_B_R	0.15618750000000003	0.667	0.482
7e7y_C_D_E	0.15618750000000003	0.643	0.482
7ps0_B_C_A	0.14914940476190477	0.136	0.464
7jx3_C_D_R	0.144225	0.154	0.483
7kmk_I_M_B	0.14192500000000002	0.45	0.704
7kxk_I_M_B	0.14192500000000002	0.421	0.704
7f62_H_L_A	0.13841666666666666	0.077	0.496
7k9z_H_L_E	0.138034126984127	0.071	0.79
7byr_H_L_B	0.1377162337662338	0.238	0.345
7lxz_E_D_A	0.13525595238095242	0.3	0.366
7czp_H_L_A	0.13467500000000002	0.172	0.373
7q9k_D_E_B	0.13255871212121212	0.0	0.772
7czt_H_L_A	0.1325126803751804	0.286	0.372
7akd_D_E_C	0.13097539682539686	0.0	0.294
7ps7_A_B_E	0.12872380952380952	0.0	0.467
7ps7_H_L_R	0.12872380952380952	0.048	0.467
6xdg_B_D_E	0.1278166666666667	0.438	0.69
7r6x_H_L_R	0.12682857142857143	0.0	0.679
7e3b_B_C_A	0.12635000000000002	0.0	0.491
7kqe_H_L_A	0.12577559523809523	0.0	0.367
7kqe_I_N_B	0.12577559523809523	0.0	0.367
7m7b_H_L_A	0.12577559523809523	0.0	0.367
7k9j_I_M_B	0.12485416666666665	0.0	0.307
7k9j_J_N_C	0.12485416666666665	0.0	0.307
7k9k_H_L_A	0.12485416666666665	0.0	0.307
7beh_H_L_E	0.12460119047619048	0.333	0.539
7nd7_F_G_B	0.12460119047619048	0.316	0.561
7nd7_J_K_C	0.12460119047619048	0.3	0.561
7f7e_C_L_E	0.12438392857142858	0.0	0.665
7ps4_B_C_A	0.12409242424242424	0.0	0.503
7v26_a_b_A	0.12261875000000003	0.0	0.455
7v26_c_d_C	0.12261875000000003	0.0	0.455
7qnw_A_B_E	0.12071666666666665	0.0	0.665
7k9z_B_A_E	0.11966369047619049	1.0	1.0
7q6e_E_F_B	0.11757797619047619	0.0	0.773
7q6e_J_K_C	0.11757797619047619	0.0	0.773
7lcn_H_L_C	0.11711666666666669	0.0	0.532
7chc_A_B_R	0.11655357142857144	0.045	0.684
7che_A_B_R	0.11655357142857144	0.048	0.684
7chh_D_E_A	0.11655357142857144	0.095	0.684
7chh_J_K_C	0.11655357142857144	0.143	0.684
7mzk_N_M_B	0.1165482142857143	0.0	0.856
7dk0_A_B_C	0.11654642857142856	0.24	0.623
7k8s_H_L_A	0.11588333333333335	0.227	0.689
7k8s_M_N_C	0.11588333333333335	0.2	0.689
7k8s_O_P_B	0.11588333333333335	0.294	0.689
7k8t_M_N_B	0.11588333333333335	0.143	0.689
7k8t_O_P_A	0.11588333333333335	0.192	0.689
7m42_B_A_E	0.11570833333333333	0.353	0.556
7m3i_H_L_R	0.11324880952380953	0.0	0.467
7mzj_H_L_A	0.11294880952380953	0.03	0.692
7bep_A_B_E	0.11207916666666666	0.278	0.655
7nd8_H_L_B	0.11207916666666666	0.278	0.655
7n5h_H_L_A	0.11190833333333335	0.0	0.296
7np1_H_L_A	0.11069880952380953	0.391	0.692
7np1_I_M_B	0.11069880952380953	0.333	0.692
7np1_J_N_C	0.11069880952380953	0.321	0.692
7np1_K_O_D	0.11069880952380953	0.32	0.692
7bej_H_L_E	0.11036944444444445	0.222	0.695
7bek_H_L_E	0.11036944444444445	0.229	0.695
7nd6_H_L_B	0.11036944444444445	0.229	0.695
7e8f_C_B_R	0.11016190476190475	0.045	0.681
7faf_g_f_B	0.10971428571428571	0.0	0.53
7chs_H_L_E	0.10969242424242423	0.25	0.683
7czy_H_K_A	0.109175	0.667	0.603
7s4s_H_L_A	0.10890714285714286	0.321	0.7
7bnv_H_L_A	0.10798968253968255	0.0	0.72
7ljr_S_T_A	0.10795	0.286	0.521
7cdj_H_L_E	0.1072154761904762	0.364	0.691
7kfv_C_D_B	0.10678333333333333	0.25	0.701
7kfv_F_G_E	0.10678333333333333	0.25	0.701
7ly0_H_L_A	0.10633968253968257	0.0	0.281
7ly2_G_I_B	0.10633968253968257	0.0	0.281
7pqz_A_B_E	0.10616488095238094	0.0	0.486
7l2c_C_D_B	0.10506196581196581	0.0	0.54
7l2c_H_L_A	0.10506196581196581	0.0	0.54
7m6d_H_L_C	0.1049440476190476	0.36	0.691
7kqb_H_L_A	0.10306682900432901	0.292	0.499
7kqb_K_J_C	0.10306682900432901	0.28	0.499
7ks9_H_L_B	0.1020404761904762	0.206	0.69
7prz_H_L_E	0.10172380952380952	0.179	0.75
7lss_H_L_B	0.10107142857142858	0.0	0.255
7sn3_F_G_B	0.10064520202020205	0.0	0.632
7sn3_H_L_C	0.10064520202020205	0.0	0.632
7mzl_H_L_A	0.10043630952380952	0.407	0.639
7s0e_H_L_A	0.100196626984127	0.0	0.697
7cwn_G_F_A	0.09982020202020203	0.25	0.674
7e5r_M_U_A	0.09982020202020203	0.278	0.311
7e5r_T_V_B	0.09982020202020203	0.294	0.311
7e5s_I_K_B	0.09982020202020203	0.261	0.311
7c01_C_D_B	0.09918333333333333	0.3	0.696
7djz_A_B_C	0.09852083333333335	0.28	0.773
7tas_H_L_E	0.09725	0.28	0.289
7tat_H_L_A	0.09725	0.316	0.289
7mzf_H_L_A	0.0957375	0.29	0.702
7lxw_H_L_A	0.09564027777777777	0.0	0.263
7lab_T_S_A	0.09499821428571428	0.0	0.712
7lab_Y_X_B	0.09499821428571428	0.0	0.712
7cm4_H_L_A	0.09469107142857143	0.25	0.341
7e7x_M_N_B	0.09432575757575758	0.0	0.538
7cah_E_D_A	0.09419494949494948	0.0	0.526
7cak_E_D_A	0.09419494949494948	0.0	0.726
7cwn_E_D_B	0.09419494949494948	0.0	0.706
7cwn_H_N_C	0.09419494949494948	0.0	0.706
7e5r_L_H_A	0.09419494949494948	0.0	0.726
7e5s_L_D_B	0.09419494949494948	0.0	0.726
7n3i_H_L_C	0.09415158730158732	0.276	0.693
7r8l_H_L_E	0.09380158730158732	0.276	0.672
7e88_A_B_C	0.09379583333333333	0.32	0.687
7e88_D_E_F	0.09379583333333333	0.36	0.687
7e88_G_H_I	0.09379583333333333	0.308	0.687
7rkv_D_H_B	0.09340714285714284	0.0	0.472
7rkv_E_F_A	0.09340714285714284	0.0	0.472
7rkv_G_L_C	0.09340714285714284	0.0	0.472
7ps2_A_B_G	0.09302191697191696	0.192	0.762
6xdg_C_A_E	0.09280313852813853	0.0	0.489
7mmo_A_B_C	0.09228333333333331	0.0	0.541
7mmo_D_E_F	0.09228333333333331	0.0	0.541
6xcn_B_D_A	0.09227500000000001	0.208	0.487
6xcn_H_L_C	0.09227500000000001	0.208	0.487
7kn3_H_L_A	0.09225714285714287	0.458	0.789
7q9f_H_L_A	0.0919378787878788	0.0	0.771
7q9f_J_K_C	0.0919378787878788	0.0	0.771
7jmo_H_L_A	0.09164464285714286	0.25	0.695
6xkq_H_L_A	0.09020492424242425	0.5	0.51
7r8o_H_L_B	0.0891452380952381	0.231	0.517
7r8o_M_N_E	0.0891452380952381	0.2	0.517
7sc1_M_N_B	0.08911190476190477	0.207	0.67
7k8m_A_B_E	0.08908095238095237	0.25	0.701
6xc2_H_L_A	0.08882380952380953	0.257	0.703
6xc3_B_A_C	0.08882380952380953	0.206	0.703
7k8x_E_G_A	0.08837142857142857	0.263	0.55
7kfw_C_D_B	0.08781666666666667	0.25	0.701
7e86_A_B_C	0.08780000000000003	0.29	0.7
7ch5_H_L_R	0.08701130952380955	0.37	0.692
7bem_H_L_E	0.086775	0.235	0.332
6zdg_B_C_A	0.08664242424242424	0.0	0.688
6zdh_D_F_B	0.08664242424242424	0.0	0.688
6zdh_G_I_C	0.08664242424242424	0.0	0.688
6zfo_B_C_A	0.08664242424242424	0.0	0.688
7nx9_H_L_E	0.08664242424242424	0.0	0.688
7nxa_H_L_E	0.08664242424242424	0.0	0.688
7nxb_H_L_E	0.08664242424242424	0.0	0.688
7qnw_H_L_E	0.08664242424242424	0.0	0.688
7e5y_C_B_A	0.08636190476190476	0.417	0.635
7bel_A_B_R	0.08631190476190476	0.0	0.657
7bel_C_D_X	0.08631190476190476	0.0	0.657
7ora_D_E_C	0.08631190476190476	0.0	0.67
7cwt_P_M_C	0.08425416666666666	0.0	0.326
7cwu_N_G_B	0.08425416666666666	0.0	0.326
7cwu_P_I_C	0.08425416666666666	0.0	0.326
7e5r_X_S_C	0.08425416666666666	0.0	0.329
7e5s_U_Q_B	0.08425416666666666	0.0	0.329
7qny_A_B_E	0.08422500000000001	0.0	0.463
7msq_H_L_A	0.084	0.0	0.665
7k9h_I_M_C	0.0835202380952381	0.222	0.252
7ra8_C_D_B	0.08253311688311689	0.0	0.33
7czr_H_K_A	0.0824547619047619	0.259	0.508
7kzb_H_L_C	0.07984166666666667	0.0	0.683
7ld1_P_O_A	0.07974523809523809	0.0	0.851
7nd4_F_G_B	0.07952380952380954	0.286	0.454
7nd4_H_L_C	0.07952380952380954	0.333	0.454
7ben_G_I_C	0.07936249999999999	0.038	0.666
7orb_E_F_X	0.07936249999999999	0.037	0.666
7pqy_B_C_A	0.07930416666666668	0.286	0.682
7pqz_H_L_E	0.07930416666666668	0.241	0.682
7q0g_H_L_E	0.07930416666666668	0.296	0.682
7tht_a_c_S	0.07895297619047618	0.24	0.37
7tht_H_L_C	0.07895297619047618	0.231	0.37
7dk2_A_B_C	0.07827301587301588	0.321	0.71
6xc4_H_L_A	0.0782642857142857	0.25	0.72
6xc4_X_Y_Z	0.0782642857142857	0.25	0.72
6xc7_C_D_A	0.0782642857142857	0.259	0.72
7kmg_A_B_C	0.07752222222222221	0.217	0.721
7mzj_F_E_A	0.07687499999999999	0.45	0.487
6wps_C_D_B	0.07651666666666665	0.0	0.371
6wpt_D_E_A	0.07651666666666665	0.0	0.371
7bep_H_L_E	0.07651666666666665	0.0	0.772
7jx3_A_B_R	0.07651666666666665	0.0	0.772
7l0n_C_D_S	0.07651666666666665	0.0	0.772
7tly_A_B_I	0.07651666666666665	0.0	0.583
7tn0_B_A_I	0.07651666666666665	0.0	0.772
7tn0_C_D_S	0.07651666666666665	0.0	0.772
7mf1_H_L_A	0.07651190476190475	0.038	0.528
7e8c_H_L_A	0.07485075757575758	0.0	0.478
7e8f_H_L_A	0.07485075757575758	0.0	0.478
7cdi_H_L_E	0.07196666666666666	0.333	0.698
7eam_C_D_B	0.0713465909090909	0.0	0.5
7l7e_C_D_b	0.06777857142857142	0.077	0.769
7l7e_E_F_G	0.06777857142857142	0.077	0.769
7l5b_H_L_A	0.06720000000000001	0.333	0.526
7dpm_A_B_C	0.06489166666666667	0.0	0.681
7dpm_G_H_I	0.06489166666666667	0.0	0.681
7dpm_J_K_L	0.06489166666666667	0.0	0.681
7chf_H_L_R	0.06421666666666667	0.235	0.688
7e8c_D_E_C	0.06421666666666667	0.276	0.693
7e8c_O_Q_A	0.06421666666666667	0.267	0.693
7e8f_D_E_R	0.06421666666666667	0.258	0.692
7wd9_G_H_C	0.06038194444444444	0.0	0.517
7wk9_a_b_B	0.06038194444444444	0.0	0.517
7wk9_c_d_C	0.06038194444444444	0.0	0.517
6w41_H_L_C	0.05656666666666666	0.0	0.799
6xc7_H_L_A	0.05656666666666666	0.0	0.799
7a5s_H_L_A	0.05656666666666666	0.0	0.715
7r8l_C_D_E	0.05656666666666666	0.0	0.799
7k90_M_N_A	0.0536	0.412	0.475
7lq7_P_Q_A	0.05214761904761905	0.0	0.783
7lq7_y_z_E	0.05214761904761905	0.0	0.783
7dk4_a_b_A	0.05129166666666667	0.346	0.486
7dk4_e_f_C	0.05129166666666667	0.32	0.486
7dk7_c_d_B	0.05129166666666667	0.3	0.486
7q9g_E_F_B	0.049289285714285716	0.0	0.307
7dcx_A_F_C	0.04909404761904762	0.0	0.486
7dcx_E_H_K	0.04909404761904762	0.023	0.486
