abname	sesascore	episim	absim
7kmg_A_B_C	0.4390880952380953	1.0	1.0
7tht_a_c_S	0.2926468253968254	0.667	0.467
7tht_H_L_C	0.2926468253968254	0.714	0.467
7e8f_C_B_R	0.24491071428571431	0.286	0.598
7kmk_I_M_B	0.22836190476190477	0.32	0.705
7kxk_I_M_B	0.22836190476190477	0.348	0.705
7mzj_F_E_A	0.21873804112554113	0.138	0.444
7m3i_H_L_R	0.2141634920634921	0.0	0.434
7chc_A_B_R	0.20907738095238096	0.286	0.598
7che_A_B_R	0.20907738095238096	0.3	0.598
7chh_D_E_A	0.20907738095238096	0.35	0.598
7chh_J_K_C	0.20907738095238096	0.4	0.598
7k90_M_N_A	0.18752853535353534	0.556	0.473
7l7e_C_D_b	0.18691832706766917	0.231	0.626
7l7e_E_F_G	0.18691832706766917	0.185	0.626
7v26_a_b_A	0.18631593406593408	0.0	0.432
7v26_c_d_C	0.18631593406593408	0.031	0.432
7dpm_A_B_C	0.18264107142857142	0.0	0.676
7dpm_G_H_I	0.18264107142857142	0.0	0.676
7dpm_J_K_L	0.18264107142857142	0.0	0.676
7kn3_H_L_A	0.1771522435897436	0.393	0.653
7ps4_B_C_A	0.17375371572871573	0.381	0.491
7beh_H_L_E	0.1707190476190476	0.647	0.48
7nd7_F_G_B	0.1707190476190476	0.611	0.498
7nd7_J_K_C	0.1707190476190476	0.579	0.498
7kfv_C_D_B	0.16426011904761906	0.128	0.705
7kfv_F_G_E	0.16426011904761906	0.128	0.705
7ljr_S_T_A	0.1560958333333333	0.6	0.522
7bnv_H_L_A	0.15433333333333332	0.0	0.664
7e86_A_B_C	0.1532940476190476	0.189	0.708
7wd9_G_H_C	0.15238353174603173	0.0	0.5
7wk9_a_b_B	0.15238353174603173	0.0	0.5
7wk9_c_d_C	0.15238353174603173	0.0	0.5
7m42_B_A_E	0.1519922619047619	0.588	0.504
7kqe_H_L_A	0.15120714285714285	0.0	0.339
7kqe_I_N_B	0.15120714285714285	0.0	0.339
7m7b_H_L_A	0.15120714285714285	0.0	0.339
7bep_A_B_E	0.15092916666666664	0.421	0.65
7nd8_H_L_B	0.15092916666666664	0.421	0.65
7k9h_I_M_C	0.149803354978355	0.444	0.26
7l5b_H_L_A	0.14856785714285714	0.455	0.503
7bem_H_L_E	0.14653095238095237	0.122	0.36
7kfw_C_D_B	0.1463220238095238	0.158	0.699
7rkv_D_H_B	0.14623380325814533	0.0	0.463
7rkv_E_F_A	0.14623380325814533	0.0	0.463
7rkv_G_L_C	0.14623380325814533	0.0	0.463
7pry_C_D_I	0.14617440476190477	0.042	0.601
7e5y_C_B_A	0.14569940476190477	0.118	0.577
6w41_H_L_C	0.1448125	0.0	0.674
6xc7_H_L_A	0.1448125	0.0	0.674
7a5s_H_L_A	0.1448125	0.0	0.624
7r8l_C_D_E	0.1448125	0.0	0.674
7cm4_H_L_A	0.14357261904761903	0.417	0.332
6xc4_H_L_A	0.14342261904761905	0.083	0.65
6xc4_X_Y_Z	0.14342261904761905	0.114	0.65
6xc7_C_D_A	0.14342261904761905	0.086	0.65
7k9j_I_M_B	0.1429702380952381	0.0	0.305
7k9j_J_N_C	0.1429702380952381	0.0	0.305
7k9k_H_L_A	0.1429702380952381	0.0	0.305
7k8x_E_G_A	0.14202619047619047	0.474	0.532
7czy_H_K_A	0.14195641025641023	0.208	0.514
7msq_H_L_A	0.14158888888888888	0.0	0.688
7mzk_N_M_B	0.14153756105006107	0.0	0.698
6xcn_B_D_A	0.14038690476190477	0.031	0.465
6xcn_H_L_C	0.14038690476190477	0.031	0.465
7jx3_C_D_R	0.14020119047619048	0.133	0.452
7k8m_A_B_E	0.13782261904761905	0.083	0.664
7ps0_B_C_A	0.1377886363636364	0.16	0.434
7ben_D_F_C	0.13742916666666669	0.261	0.703
7ben_H_L_E	0.13742916666666669	0.208	0.703
7ora_H_L_C	0.13742916666666669	0.217	0.703
7nd4_F_G_B	0.13737361111111113	0.24	0.43
7nd4_H_L_C	0.13737361111111113	0.28	0.43
7l2c_C_D_B	0.13710595238095238	0.0	0.504
7l2c_H_L_A	0.13710595238095238	0.0	0.504
7qny_A_B_E	0.13677083333333334	0.172	0.431
6xdg_B_D_E	0.1357202380952381	0.35	0.685
7k9z_B_A_E	0.13560833333333336	0.217	0.721
7cwn_G_F_A	0.1355047619047619	0.706	0.723
7e5r_M_U_A	0.1355047619047619	0.588	0.371
7e5r_T_V_B	0.1355047619047619	0.529	0.371
7e5s_I_K_B	0.1355047619047619	0.737	0.371
7cdj_H_L_E	0.1339779761904762	0.478	0.705
7mzj_H_L_A	0.1339738095238095	0.188	0.706
7beo_C_D_X	0.13342916666666668	0.217	0.703
7beo_H_L_R	0.13342916666666668	0.261	0.703
7nd9_H_L_B	0.13342916666666668	0.208	0.673
7chf_H_L_R	0.1332440476190476	0.095	0.687
7e8c_D_E_C	0.1332440476190476	0.108	0.694
7e8c_O_Q_A	0.1332440476190476	0.135	0.694
7e8f_D_E_R	0.1332440476190476	0.103	0.693
7lab_T_S_A	0.13308736263736265	0.0	0.674
7lab_Y_X_B	0.13308736263736265	0.0	0.674
7wcz_a_b_A	0.13175502136752135	0.19	0.48
7wd7_a_b_A	0.13175502136752135	0.091	0.48
7prz_H_L_E	0.13170541819291823	0.156	0.639
7mf1_H_L_A	0.13034047619047617	0.476	0.529
7k9z_H_L_E	0.13009464285714284	0.308	0.799
7czt_H_L_A	0.1288577380952381	0.143	0.351
7lxz_E_D_A	0.12704880952380954	0.5	0.35
7kqb_H_L_A	0.1269297619047619	0.667	0.5
7kqb_K_J_C	0.1269297619047619	0.714	0.5
7mmo_A_B_C	0.1266087912087912	0.0	0.584
7mmo_D_E_F	0.1266087912087912	0.0	0.584
7jmo_H_L_A	0.12638095238095237	0.128	0.664
7n3i_H_L_C	0.12445357142857144	0.108	0.65
7sc1_M_N_B	0.12419404761904762	0.147	0.687
7ks9_H_L_B	0.12368392857142857	0.125	0.678
7lss_H_L_B	0.12298379120879122	0.0	0.244
7e8c_H_L_A	0.12188744588744589	0.0	0.445
7e8f_H_L_A	0.12188744588744589	0.0	0.445
7faf_g_f_B	0.12185833333333332	0.154	0.513
6xkq_H_L_A	0.12161607142857143	0.214	0.473
7pqy_B_C_A	0.12121488095238095	0.176	0.664
7pqz_H_L_E	0.12121488095238095	0.176	0.664
7q0g_H_L_E	0.12121488095238095	0.182	0.664
7r8l_H_L_E	0.12085714285714284	0.108	0.633
7s0e_H_L_A	0.12075238095238096	0.0	0.679
7sn3_F_G_B	0.12041071428571427	0.0	0.58
7sn3_H_L_C	0.12041071428571427	0.0	0.58
6xdg_C_A_E	0.12020238095238095	0.042	0.465
7djz_A_B_C	0.11970887445887446	0.565	0.729
7tas_H_L_E	0.11925833333333333	0.44	0.268
7tat_H_L_A	0.11925833333333333	0.318	0.268
6xc2_H_L_A	0.11909404761904761	0.116	0.692
6xc3_B_A_C	0.11909404761904761	0.125	0.692
7e7y_A_B_R	0.11797380952380954	0.261	0.451
7e7y_C_D_E	0.11797380952380954	0.286	0.451
7byr_H_L_B	0.11702380952380952	0.429	0.384
7dk0_A_B_C	0.11699880952380953	0.591	0.586
7q9f_H_L_A	0.11673333333333333	0.0	0.724
7q9f_J_K_C	0.11673333333333333	0.0	0.724
7ps2_A_B_G	0.116525	0.207	0.628
7f62_H_L_A	0.11634880952380952	0.185	0.457
7kzb_H_L_C	0.11549404761904762	0.0	0.707
7m6g_R_S_B	0.1154345238095238	0.2	0.696
7q9k_D_E_B	0.11462916666666666	0.0	0.759
7cwt_E_D_A	0.11421666666666667	0.033	0.293
7cyh_E_D_A	0.11421666666666667	0.036	0.293
7e5s_R_O_A	0.11421666666666667	0.038	0.438
7e7x_M_N_B	0.113525	0.0	0.51
7s4s_H_L_A	0.1134952380952381	0.108	0.632
7dk4_a_b_A	0.11325833333333334	0.345	0.477
7dk4_e_f_C	0.11325833333333334	0.423	0.477
7dk7_c_d_B	0.11325833333333334	0.387	0.477
7np1_H_L_A	0.11322916666666667	0.125	0.699
7np1_I_M_B	0.11322916666666667	0.091	0.699
7np1_J_N_C	0.11322916666666667	0.108	0.699
7np1_K_O_D	0.11322916666666667	0.121	0.699
7pqz_A_B_E	0.11244642857142857	0.0	0.47
7ps7_A_B_E	0.11239999999999999	0.042	0.425
7ps7_H_L_R	0.11239999999999999	0.083	0.425
7cdi_H_L_E	0.1119642857142857	0.111	0.645
7mzl_H_L_A	0.11194458874458876	0.273	0.587
7q6e_E_F_B	0.11100476190476193	0.0	0.736
7q6e_J_K_C	0.11100476190476193	0.0	0.736
7chs_H_L_E	0.11079761904761905	0.1	0.705
7czp_H_L_A	0.11062142857142857	0.188	0.35
6zdg_B_C_A	0.10994166666666666	0.0	0.709
6zdh_D_F_B	0.10994166666666666	0.0	0.709
6zdh_G_I_C	0.10994166666666666	0.0	0.709
6zfo_B_C_A	0.10994166666666666	0.0	0.709
7nx9_H_L_E	0.10994166666666666	0.0	0.709
7nxa_H_L_E	0.10994166666666666	0.0	0.709
7nxb_H_L_E	0.10994166666666666	0.0	0.709
7qnw_H_L_E	0.10994166666666666	0.0	0.709
7cah_E_D_A	0.10910833333333333	0.0	0.488
7cak_E_D_A	0.10910833333333333	0.0	0.674
7cwn_E_D_B	0.10910833333333333	0.0	0.671
7cwn_H_N_C	0.10910833333333333	0.0	0.671
7e5r_L_H_A	0.10910833333333333	0.0	0.674
7e5s_L_D_B	0.10910833333333333	0.0	0.674
7ra8_C_D_B	0.10859742063492063	0.0	0.36
7qnw_A_B_E	0.10829444444444444	0.0	0.657
7c01_C_D_B	0.10779166666666666	0.103	0.713
7r8o_H_L_B	0.10758571428571427	0.44	0.531
7r8o_M_N_E	0.10758571428571427	0.478	0.531
7ch5_H_L_R	0.10686250000000001	0.108	0.636
7lcn_H_L_C	0.10676071428571429	0.0	0.494
7eam_C_D_B	0.10672023809523809	0.065	0.511
7czr_H_K_A	0.1065625	0.118	0.499
7ben_G_I_C	0.10616666666666667	0.192	0.686
7orb_E_F_X	0.10616666666666667	0.143	0.686
7e3b_B_C_A	0.10578571428571427	0.097	0.47
7f7e_C_L_E	0.10518373015873016	0.0	0.663
7mzf_H_L_A	0.10437202380952379	0.073	0.687
7lxw_H_L_A	0.10404999999999999	0.0	0.259
7cwt_P_M_C	0.10396398809523809	0.0	0.316
7cwu_N_G_B	0.10396398809523809	0.0	0.316
7cwu_P_I_C	0.10396398809523809	0.0	0.316
7e5r_X_S_C	0.10396398809523809	0.0	0.316
7e5s_U_Q_B	0.10396398809523809	0.0	0.316
7dk2_A_B_C	0.1025690476190476	0.171	0.698
7n8i_H_L_A	0.10149404761904764	0.0	0.315
7so9_C_B_A	0.10149404761904764	0.0	0.314
7soa_H_L_A	0.10149404761904764	0.0	0.314
7tm0_I_H_A	0.10149404761904764	0.0	0.316
7r6x_H_L_R	0.099	0.0	0.694
7l7e_H_L_S	0.09838571428571428	0.286	0.693
7l7e_I_J_K	0.09838571428571428	0.318	0.693
7k8s_H_L_A	0.09817023809523807	0.722	0.727
7k8s_M_N_C	0.09817023809523807	0.647	0.727
7k8s_O_P_B	0.09817023809523807	0.529	0.727
7k8t_M_N_B	0.09817023809523807	0.474	0.727
7k8t_O_P_A	0.09817023809523807	0.591	0.727
7m6d_H_L_C	0.09684583333333333	0.118	0.639
7e3l_D_E_A	0.0959	0.261	0.693
7lrt_D_E_C	0.09484444444444445	0.182	0.693
7dcx_A_F_C	0.09341488095238096	0.0	0.45
7dcx_E_H_K	0.09341488095238096	0.021	0.45
7lq7_P_Q_A	0.09259035087719297	0.0	0.746
7lq7_y_z_E	0.09259035087719297	0.0	0.746
7e88_A_B_C	0.0902844696969697	0.088	0.659
7e88_D_E_F	0.0902844696969697	0.086	0.659
7e88_G_H_I	0.0902844696969697	0.056	0.659
7n5h_H_L_A	0.08808055555555555	0.0	0.302
7ly0_H_L_A	0.08692500000000002	0.0	0.267
7ly2_G_I_B	0.08692500000000002	0.0	0.267
7akd_D_E_C	0.08646250000000001	0.0	0.272
7q9g_E_F_B	0.08486904761904762	0.0	0.3
7bel_A_B_R	0.08377142857142857	0.0	0.677
7bel_C_D_X	0.08377142857142857	0.0	0.677
7ora_D_E_C	0.08377142857142857	0.0	0.691
7bej_H_L_E	0.08324761904761906	0.067	0.696
7bek_H_L_E	0.08324761904761906	0.068	0.696
7nd6_H_L_B	0.08324761904761906	0.068	0.696
7ps6_H_L_E	0.0810438492063492	0.0	0.672
6wps_C_D_B	0.08061706349206349	0.0	0.347
6wpt_D_E_A	0.08061706349206349	0.0	0.347
7bep_H_L_E	0.08061706349206349	0.0	0.69
7jx3_A_B_R	0.08061706349206349	0.0	0.689
7l0n_C_D_S	0.08061706349206349	0.0	0.689
7tly_A_B_I	0.08061706349206349	0.0	0.547
7tn0_B_A_I	0.08061706349206349	0.0	0.689
7tn0_C_D_S	0.08061706349206349	0.0	0.689
7w9f_A_B_E	0.07815	0.12	0.375
7ld1_P_O_A	0.07394999999999999	0.0	0.701
7ej5_H_L_A	0.06626666666666667	0.167	0.464
7ej5_J_N_C	0.06626666666666667	0.136	0.464
