abname	sesascore	episim	absim
7cwn_G_F_A	0.2947660714285714	0.684	0.586
7e5r_M_U_A	0.2947660714285714	0.579	0.32
7e5r_T_V_B	0.2947660714285714	0.526	0.32
7e5s_I_K_B	0.2947660714285714	0.8	0.32
7beh_H_L_E	0.2541785714285714	0.632	0.382
7nd7_F_G_B	0.2541785714285714	0.6	0.383
7nd7_J_K_C	0.2541785714285714	0.571	0.383
7kmk_I_M_B	0.24442440476190475	0.333	0.556
7kxk_I_M_B	0.24442440476190475	0.417	0.556
7kn3_H_L_A	0.24406607142857145	0.448	0.56
7lxz_E_D_A	0.2326043650793651	0.571	0.223
7q9f_H_L_A	0.23256666666666667	0.0	0.491
7q9f_J_K_C	0.23256666666666667	0.0	0.491
7q6e_E_F_B	0.2246563311688312	0.0	0.497
7q6e_J_K_C	0.2246563311688312	0.0	0.497
7e7x_M_N_B	0.20708333333333334	0.0	0.381
7kmg_A_B_C	0.20450059523809522	0.667	0.5
7mzj_F_E_A	0.2013738095238095	0.2	0.431
6xc4_H_L_A	0.19261369047619048	0.135	0.562
6xc4_X_Y_Z	0.19261369047619048	0.167	0.562
6xc7_C_D_A	0.19261369047619048	0.139	0.562
7f62_H_L_A	0.18878333333333333	0.167	0.808
7ben_D_F_C	0.18653154761904764	0.231	0.491
7ben_H_L_E	0.18653154761904764	0.28	0.491
7ora_H_L_C	0.18653154761904764	0.24	0.491
7ps4_B_C_A	0.18624583333333333	0.391	0.374
7kqb_H_L_A	0.18586607142857142	1.0	1.0
7kqb_K_J_C	0.18586607142857142	0.95	1.0
7e8c_H_L_A	0.18353055555555556	0.0	0.417
7e8f_H_L_A	0.18353055555555556	0.0	0.417
7cwt_E_D_A	0.18254880952380953	0.03	0.274
7cyh_E_D_A	0.18254880952380953	0.032	0.274
7e5s_R_O_A	0.18254880952380953	0.034	0.408
7e8f_C_B_R	0.1808404761904762	0.364	0.538
7czy_H_K_A	0.1800740384615385	0.28	0.778
7c01_C_D_B	0.17990000000000003	0.15	0.595
7beo_C_D_X	0.17845892857142856	0.24	0.489
7beo_H_L_R	0.17845892857142856	0.231	0.489
7nd9_H_L_B	0.17845892857142856	0.28	0.486
7pqy_B_C_A	0.17808333333333337	0.229	0.574
7pqz_H_L_E	0.17808333333333337	0.229	0.574
7q0g_H_L_E	0.17808333333333337	0.235	0.574
6xcn_B_D_A	0.176875	0.091	0.436
6xcn_H_L_C	0.176875	0.091	0.436
7chc_A_B_R	0.17682083333333332	0.364	0.536
7che_A_B_R	0.17682083333333332	0.381	0.536
7chh_D_E_A	0.17682083333333332	0.364	0.536
7chh_J_K_C	0.17682083333333332	0.409	0.536
7k90_M_N_A	0.17617083333333333	0.632	0.422
7akd_D_E_C	0.17204285714285716	0.0	0.231
7faf_g_f_B	0.1697190476190476	0.138	0.778
7e86_A_B_C	0.16794166666666666	0.237	0.576
7cdi_H_L_E	0.16671726190476194	0.162	0.556
7e3l_D_E_A	0.16394761904761904	0.28	0.485
7m42_B_A_E	0.16388950216450215	0.579	0.38
7s4s_H_L_A	0.16366944444444445	0.158	0.551
7lrt_D_E_C	0.16261607142857143	0.261	0.495
7mzk_N_M_B	0.16168055555555558	0.0	0.501
7kfv_C_D_B	0.16137261904761907	0.175	0.586
7kfv_F_G_E	0.16137261904761907	0.175	0.586
7k8m_A_B_E	0.1600386904761905	0.135	0.561
7bem_H_L_E	0.1592583333333333	0.167	0.308
7k8s_H_L_A	0.1582797619047619	0.7	0.608
7k8s_M_N_C	0.1582797619047619	0.632	0.608
7k8s_O_P_B	0.1582797619047619	0.45	0.608
7k8t_M_N_B	0.1582797619047619	0.55	0.608
7k8t_O_P_A	0.1582797619047619	0.652	0.608
7n3i_H_L_C	0.15802976190476192	0.158	0.558
7e5y_C_B_A	0.15650833333333333	0.171	0.528
7mzj_H_L_A	0.15576011904761902	0.206	0.56
7prz_H_L_E	0.15554918831168832	0.212	0.544
7r8l_H_L_E	0.1534053571428572	0.158	0.532
7m3i_H_L_R	0.1531732142857143	0.0	0.38
7byr_H_L_B	0.1525476190476191	0.375	0.258
7tht_a_c_S	0.15241201298701298	0.652	0.264
7tht_H_L_C	0.15241201298701298	0.696	0.264
7jmo_H_L_A	0.1518422619047619	0.175	0.553
7r6x_H_L_R	0.15146726190476192	0.0	0.568
7dk4_a_b_A	0.15137083333333334	0.355	0.367
7dk4_e_f_C	0.15137083333333334	0.429	0.367
7dk7_c_d_B	0.15137083333333334	0.394	0.367
7k9z_B_A_E	0.15133415750915755	0.292	0.499
7dk0_A_B_C	0.1506357142857143	0.52	0.394
7m6d_H_L_C	0.14924404761904758	0.171	0.55
6xdg_B_D_E	0.148675	0.364	0.578
7lab_T_S_A	0.1486535714285714	0.0	0.464
7lab_Y_X_B	0.1486535714285714	0.0	0.464
7l2c_C_D_B	0.14771369047619048	0.0	0.376
7l2c_H_L_A	0.14771369047619048	0.0	0.376
7l5b_H_L_A	0.1468178571428571	0.522	0.364
7cdj_H_L_E	0.1468168831168831	0.542	0.576
7kqe_H_L_A	0.14610000000000004	0.0	0.63
7kqe_I_N_B	0.14610000000000004	0.0	0.63
7m7b_H_L_A	0.14610000000000004	0.0	0.63
7sc1_M_N_B	0.14600833333333332	0.2	0.566
7sn3_F_G_B	0.1454702380952381	0.0	0.545
7sn3_H_L_C	0.1454702380952381	0.0	0.545
7kfw_C_D_B	0.14450476190476194	0.205	0.581
7jx3_C_D_R	0.1439871031746032	0.194	0.406
7ljr_S_T_A	0.14357738095238096	0.593	0.732
7bep_A_B_E	0.1429541666666667	0.579	0.569
7nd8_H_L_B	0.1429541666666667	0.579	0.569
7czp_H_L_A	0.1426488095238095	0.242	0.639
7cah_E_D_A	0.142121645021645	0.0	0.347
7cak_E_D_A	0.142121645021645	0.0	0.479
7cwn_E_D_B	0.142121645021645	0.0	0.465
7cwn_H_N_C	0.142121645021645	0.0	0.465
7e5r_L_H_A	0.142121645021645	0.0	0.479
7e5s_L_D_B	0.142121645021645	0.0	0.479
7dk2_A_B_C	0.14157261904761906	0.222	0.583
7k9j_I_M_B	0.14137420634920636	0.0	0.218
7k9j_J_N_C	0.14137420634920636	0.0	0.218
7k9k_H_L_A	0.14137420634920636	0.0	0.218
7wcz_a_b_A	0.1410823412698413	0.273	0.356
7wd7_a_b_A	0.1410823412698413	0.174	0.356
7r8o_H_L_B	0.14068237179487178	0.5	0.364
7r8o_M_N_E	0.14068237179487178	0.48	0.364
7msq_H_L_A	0.1404375	0.0	0.525
7np1_H_L_A	0.14042857142857146	0.182	0.577
7np1_I_M_B	0.14042857142857146	0.147	0.577
7np1_J_N_C	0.14042857142857146	0.158	0.577
7np1_K_O_D	0.14042857142857146	0.176	0.577
7s0e_H_L_A	0.1403083333333333	0.0	0.572
7bej_H_L_E	0.14019285714285712	0.109	0.563
7bek_H_L_E	0.14019285714285712	0.111	0.563
7nd6_H_L_B	0.14019285714285712	0.111	0.563
7lcn_H_L_C	0.14005357142857144	0.0	0.366
7m6g_R_S_B	0.13868214285714284	0.179	0.497
7mf1_H_L_A	0.13854642857142857	0.478	0.376
7ks9_H_L_B	0.13677083333333334	0.171	0.578
7djz_A_B_C	0.13671190476190476	0.625	0.495
6xkq_H_L_A	0.13645833333333335	0.276	0.358
7ps2_A_B_G	0.13626666666666667	0.267	0.544
7ps0_B_C_A	0.13536250000000002	0.185	0.377
7pqz_A_B_E	0.13533809523809523	0.0	0.434
7e3b_B_C_A	0.13402142857142857	0.088	0.806
7e7y_A_B_R	0.13385119047619048	0.28	0.418
7e7y_C_D_E	0.13385119047619048	0.25	0.418
7pry_C_D_I	0.13330297619047618	0.037	0.493
7ld1_P_O_A	0.1323666666666667	0.0	0.491
6w41_H_L_C	0.13230871212121212	0.0	0.493
6xc7_H_L_A	0.13230871212121212	0.0	0.493
7a5s_H_L_A	0.13230871212121212	0.0	0.488
7r8l_C_D_E	0.13230871212121212	0.0	0.493
7ps7_A_B_E	0.13190416666666668	0.037	0.377
7ps7_H_L_R	0.13190416666666668	0.074	0.377
7l7e_C_D_b	0.13180714285714287	0.25	0.529
7l7e_E_F_G	0.13180714285714287	0.207	0.529
7wd9_G_H_C	0.131525	0.0	0.364
7wk9_a_b_B	0.131525	0.0	0.364
7wk9_c_d_C	0.131525	0.0	0.364
7ch5_H_L_R	0.13143333333333335	0.158	0.548
7k9z_H_L_E	0.131175	0.321	0.525
7chs_H_L_E	0.13101190476190475	0.146	0.57
7k8x_E_G_A	0.1307085622710623	0.476	0.388
7l7e_H_L_S	0.1302107142857143	0.304	0.484
7l7e_I_J_K	0.1302107142857143	0.333	0.484
7mmo_A_B_C	0.1298724206349206	0.0	0.439
7mmo_D_E_F	0.1298724206349206	0.0	0.439
7dpm_A_B_C	0.12925238095238098	0.0	0.564
7dpm_G_H_I	0.12925238095238098	0.0	0.564
7dpm_J_K_L	0.12925238095238098	0.0	0.564
6wps_C_D_B	0.12908849206349202	0.0	0.229
6wpt_D_E_A	0.12908849206349202	0.0	0.229
7bep_H_L_E	0.12908849206349202	0.0	0.501
7jx3_A_B_R	0.12908849206349202	0.0	0.498
7l0n_C_D_S	0.12908849206349202	0.0	0.498
7tly_A_B_I	0.12908849206349202	0.0	0.37
7tn0_B_A_I	0.12908849206349202	0.0	0.498
7tn0_C_D_S	0.12908849206349202	0.0	0.498
7ly0_H_L_A	0.12880138888888887	0.0	0.257
7ly2_G_I_B	0.12880138888888887	0.0	0.257
6xdg_C_A_E	0.12747104978354978	0.037	0.439
7bel_A_B_R	0.12707857142857143	0.0	0.585
7bel_C_D_X	0.12707857142857143	0.0	0.585
7ora_D_E_C	0.12707857142857143	0.0	0.571
6xc2_H_L_A	0.12508333333333332	0.159	0.571
6xc3_B_A_C	0.12508333333333332	0.143	0.571
7e88_A_B_C	0.12478690476190477	0.111	0.562
7e88_D_E_F	0.12478690476190477	0.139	0.562
7e88_G_H_I	0.12478690476190477	0.108	0.562
7rkv_D_H_B	0.12381666666666664	0.0	0.431
7rkv_E_F_A	0.12381666666666664	0.0	0.431
7rkv_G_L_C	0.12381666666666664	0.0	0.431
7czt_H_L_A	0.12316071428571428	0.194	0.704
7tas_H_L_E	0.12237738095238095	0.5	0.247
7tat_H_L_A	0.12237738095238095	0.333	0.247
7q9k_D_E_B	0.12161607142857143	0.0	0.514
7qny_A_B_E	0.12125833333333334	0.156	0.416
7lxw_H_L_A	0.12090416666666666	0.0	0.252
6zdg_B_C_A	0.12035833333333333	0.0	0.6
6zdh_D_F_B	0.12035833333333333	0.0	0.6
6zdh_G_I_C	0.12035833333333333	0.0	0.6
6zfo_B_C_A	0.12035833333333333	0.0	0.6
7nx9_H_L_E	0.12035833333333333	0.0	0.6
7nxa_H_L_E	0.12035833333333333	0.0	0.6
7nxb_H_L_E	0.12035833333333333	0.0	0.6
7qnw_H_L_E	0.12035833333333333	0.0	0.6
7czr_H_K_A	0.119875	0.171	0.897
7k9h_I_M_C	0.11781482683982686	0.45	0.204
7v26_a_b_A	0.11658750000000001	0.0	0.374
7v26_c_d_C	0.11658750000000001	0.029	0.374
7cwt_P_M_C	0.11657083333333335	0.0	0.214
7cwu_N_G_B	0.11657083333333335	0.0	0.214
7cwu_P_I_C	0.11657083333333335	0.0	0.214
7e5r_X_S_C	0.11657083333333335	0.0	0.214
7e5s_U_Q_B	0.11657083333333335	0.0	0.214
7n5h_H_L_A	0.11618511904761905	0.0	0.243
7cm4_H_L_A	0.11611329365079363	0.48	0.605
7f7e_C_L_E	0.11592857142857145	0.0	0.558
7lss_H_L_B	0.11470773809523811	0.0	0.208
7mzf_H_L_A	0.11461488095238094	0.119	0.573
7mzl_H_L_A	0.11305238095238097	0.324	0.481
7bnv_H_L_A	0.11294166666666665	0.0	0.493
7q9g_E_F_B	0.11281666666666666	0.023	0.266
7lq7_P_Q_A	0.11003571428571429	0.0	0.511
7lq7_y_z_E	0.11003571428571429	0.0	0.511
7nd4_F_G_B	0.10873333333333332	0.259	0.378
7nd4_H_L_C	0.10873333333333332	0.296	0.378
7eam_C_D_B	0.1087107142857143	0.059	0.361
7n8i_H_L_A	0.10665	0.0	0.281
7so9_C_B_A	0.10665	0.0	0.28
7soa_H_L_A	0.10665	0.0	0.28
7tm0_I_H_A	0.10665	0.0	0.282
7qnw_A_B_E	0.10630416666666667	0.0	0.504
7ra8_C_D_B	0.10467500000000002	0.0	0.216
7chf_H_L_R	0.10070833333333333	0.14	0.568
7e8c_D_E_C	0.10070833333333333	0.158	0.566
7e8c_O_Q_A	0.10070833333333333	0.184	0.566
7e8f_D_E_R	0.10070833333333333	0.15	0.568
7kzb_H_L_C	0.10028611111111112	0.0	0.574
7dcx_A_F_C	0.09804404761904763	0.0	0.369
7dcx_E_H_K	0.09804404761904763	0.04	0.369
7ps6_H_L_E	0.09556666666666666	0.0	0.524
7ben_G_I_C	0.08571388888888891	0.172	0.569
7orb_E_F_X	0.08571388888888891	0.129	0.569
7ej5_H_L_A	0.08082777777777778	0.148	0.731
7ej5_J_N_C	0.08082777777777778	0.12	0.731
7w9f_A_B_E	0.07635694444444445	0.192	0.466
