abname	sesascore	episim	absim
7lcn_H_L_C	0.54845	1.0	1.0
7ben_D_F_C	0.29714459886518707	0.0	0.505
7ben_H_L_E	0.29714459886518707	0.0	0.505
7ora_H_L_C	0.29714459886518707	0.0	0.505
7beo_C_D_X	0.28074459886518716	0.0	0.503
7beo_H_L_R	0.28074459886518716	0.0	0.503
7nd9_H_L_B	0.28074459886518716	0.0	0.484
7l7e_H_L_S	0.27643055555555557	0.0	0.494
7l7e_I_J_K	0.27643055555555557	0.0	0.494
7lrt_D_E_C	0.27181944444444445	0.0	0.505
7e7x_M_N_B	0.23932738095238096	0.136	0.841
7e3l_D_E_A	0.22790555555555558	0.0	0.501
7cwt_E_D_A	0.18477857142857143	0.0	0.258
7cyh_E_D_A	0.18477857142857143	0.0	0.258
7e5s_R_O_A	0.18477857142857143	0.0	0.426
7akd_D_E_C	0.1767569004524887	0.0	0.259
7chc_A_B_R	0.17520773809523812	0.0	0.451
7che_A_B_R	0.17520773809523812	0.0	0.451
7chh_D_E_A	0.17520773809523812	0.0	0.451
7chh_J_K_C	0.17520773809523812	0.0	0.451
7cwt_P_M_C	0.174075	0.087	0.4
7cwu_N_G_B	0.174075	0.111	0.4
7cwu_P_I_C	0.174075	0.105	0.4
7e5r_X_S_C	0.174075	0.105	0.397
7e5s_U_Q_B	0.174075	0.1	0.397
7l2c_C_D_B	0.17304583333333332	0.136	0.899
7l2c_H_L_A	0.17304583333333332	0.136	0.899
7e8f_C_B_R	0.1694077380952381	0.0	0.449
7ps0_B_C_A	0.16598333333333332	0.0	0.695
7wcz_a_b_A	0.16493214285714286	0.0	0.392
7wd7_a_b_A	0.16493214285714286	0.0	0.392
7mmo_A_B_C	0.16422499999999998	0.0	0.479
7mmo_D_E_F	0.16422499999999998	0.0	0.479
7f62_H_L_A	0.163477733785822	0.0	0.356
6xdg_B_D_E	0.16246488095238099	0.0	0.475
7e7y_A_B_R	0.16122261904761906	0.0	0.691
7e7y_C_D_E	0.16122261904761906	0.0	0.691
7kmk_I_M_B	0.1579875	0.0	0.486
7kxk_I_M_B	0.1579875	0.0	0.486
7k8s_H_L_A	0.15561250000000001	0.0	0.474
7k8s_M_N_C	0.15561250000000001	0.0	0.474
7k8s_O_P_B	0.15561250000000001	0.0	0.474
7k8t_M_N_B	0.15561250000000001	0.0	0.474
7k8t_O_P_A	0.15561250000000001	0.0	0.474
7lss_H_L_B	0.15507500000000002	0.0	0.301
7pry_C_D_I	0.15497857142857144	0.0	0.455
7ps4_B_C_A	0.15306666666666666	0.0	0.708
7lxz_E_D_A	0.1512406125737008	0.0	0.325
7faf_g_f_B	0.15115178571428572	0.0	0.385
7cah_E_D_A	0.14945833333333333	0.0	0.465
7cak_E_D_A	0.14945833333333333	0.0	0.496
7cwn_E_D_B	0.14945833333333333	0.0	0.483
7cwn_H_N_C	0.14945833333333333	0.0	0.483
7e5r_L_H_A	0.14945833333333333	0.0	0.496
7e5s_L_D_B	0.14945833333333333	0.0	0.496
7k9z_H_L_E	0.1485875	0.0	0.533
7v26_a_b_A	0.14768333333333333	0.0	0.653
7v26_c_d_C	0.14768333333333333	0.0	0.653
7m42_B_A_E	0.14692083333333336	0.0	0.786
6xdg_C_A_E	0.145552380952381	0.0	0.715
7msq_H_L_A	0.14475892857142858	0.0	0.456
7m6g_R_S_B	0.14439978354978356	0.0	0.516
7q9f_H_L_A	0.14413333333333334	0.0	0.518
7q9f_J_K_C	0.14413333333333334	0.0	0.518
7ej5_H_L_A	0.143	0.0	0.371
7ej5_J_N_C	0.143	0.0	0.371
7cdj_H_L_E	0.14244166666666666	0.0	0.479
7n8i_H_L_A	0.14164523809523807	0.0	0.261
7so9_C_B_A	0.14164523809523807	0.0	0.263
7soa_H_L_A	0.14164523809523807	0.0	0.263
7tm0_I_H_A	0.14164523809523807	0.0	0.265
7rkv_D_H_B	0.13789345238095238	0.0	0.601
7rkv_E_F_A	0.13789345238095238	0.0	0.601
7rkv_G_L_C	0.13789345238095238	0.0	0.601
7r8o_H_L_B	0.1374236111111111	0.0	0.683
7r8o_M_N_E	0.1374236111111111	0.0	0.683
7r6x_H_L_R	0.13731011904761906	0.0	0.479
6wps_C_D_B	0.1364452380952381	0.0	0.317
6wpt_D_E_A	0.1364452380952381	0.0	0.317
7bep_H_L_E	0.1364452380952381	0.0	0.513
7jx3_A_B_R	0.1364452380952381	0.0	0.515
7l0n_C_D_S	0.1364452380952381	0.0	0.515
7tly_A_B_I	0.1364452380952381	0.0	0.36
7tn0_B_A_I	0.1364452380952381	0.0	0.515
7tn0_C_D_S	0.1364452380952381	0.0	0.515
7kqb_H_L_A	0.13609861111111113	0.0	0.366
7kqb_K_J_C	0.13609861111111113	0.0	0.366
7beh_H_L_E	0.1353136904761905	0.0	0.787
7nd7_F_G_B	0.1353136904761905	0.0	0.83
7nd7_J_K_C	0.1353136904761905	0.0	0.83
7q6e_E_F_B	0.13496466450216452	0.0	0.514
7q6e_J_K_C	0.13496466450216452	0.0	0.514
7mzj_H_L_A	0.13482954545454548	0.0	0.469
7bep_A_B_E	0.13300892857142854	0.0	0.459
7nd8_H_L_B	0.13300892857142854	0.0	0.459
7mzk_N_M_B	0.1327279761904762	0.0	0.523
7djz_A_B_C	0.13187500000000002	0.0	0.516
7jx3_C_D_R	0.1314424603174603	0.0	0.655
7w9f_A_B_E	0.13125	0.0	0.326
7byr_H_L_B	0.13030833333333333	0.0	0.297
6xcn_B_D_A	0.12912738095238097	0.0	0.737
6xcn_H_L_C	0.12912738095238097	0.0	0.737
7pqz_A_B_E	0.12877261904761902	0.0	0.664
7chs_H_L_E	0.12869444444444442	0.0	0.47
7ld1_P_O_A	0.12816249999999998	0.0	0.515
7k9j_I_M_B	0.1279432099762982	0.0	0.281
7k9j_J_N_C	0.1279432099762982	0.0	0.281
7k9k_H_L_A	0.1279432099762982	0.0	0.281
7m3i_H_L_R	0.12738015873015873	0.0	0.63
7bel_A_B_R	0.1273357142857143	0.0	0.46
7bel_C_D_X	0.1273357142857143	0.0	0.46
7ora_D_E_C	0.1273357142857143	0.0	0.467
7ljr_S_T_A	0.12696607142857144	0.0	0.378
7e88_A_B_C	0.12663214285714286	0.0	0.459
7e88_D_E_F	0.12663214285714286	0.0	0.459
7e88_G_H_I	0.12663214285714286	0.0	0.459
7cwn_G_F_A	0.12645833333333334	0.0	0.469
7e5r_M_U_A	0.12645833333333334	0.0	0.28
7e5r_T_V_B	0.12645833333333334	0.0	0.28
7e5s_I_K_B	0.12645833333333334	0.0	0.28
7czp_H_L_A	0.12475357142857144	0.0	0.497
7kqe_H_L_A	0.12450892857142856	0.0	0.463
7kqe_I_N_B	0.12450892857142856	0.0	0.463
7m7b_H_L_A	0.12450892857142856	0.0	0.463
7e3b_B_C_A	0.12433333333333332	0.0	0.357
7czy_H_K_A	0.12414880952380952	0.0	0.405
7sn3_F_G_B	0.12387261904761906	0.0	0.433
7sn3_H_L_C	0.12387261904761906	0.0	0.433
7k9z_B_A_E	0.12267284798534797	0.0	0.532
7q9k_D_E_B	0.12179404761904762	0.0	0.53
7ps7_A_B_E	0.12176607142857142	0.0	0.636
7ps7_H_L_R	0.12176607142857142	0.0	0.636
7dpm_A_B_C	0.12156666666666666	0.0	0.469
7dpm_G_H_I	0.12156666666666666	0.0	0.469
7dpm_J_K_L	0.12156666666666666	0.0	0.469
7tas_H_L_E	0.12134166666666667	0.0	0.306
7tat_H_L_A	0.12134166666666667	0.0	0.306
7prz_H_L_E	0.12033733211233211	0.0	0.463
6zdg_B_C_A	0.11995	0.0	0.472
6zdh_D_F_B	0.11995	0.0	0.472
6zdh_G_I_C	0.11995	0.0	0.472
6zfo_B_C_A	0.11995	0.0	0.472
7nx9_H_L_E	0.11995	0.0	0.472
7nxa_H_L_E	0.11995	0.0	0.472
7nxb_H_L_E	0.11995	0.0	0.472
7qnw_H_L_E	0.11995	0.0	0.472
7s0e_H_L_A	0.11948928571428573	0.0	0.471
7n5h_H_L_A	0.11890099206349207	0.0	0.262
7mzf_H_L_A	0.11764383116883119	0.0	0.469
7dk0_A_B_C	0.1173906125737008	0.0	0.673
7ly0_H_L_A	0.11518015873015873	0.174	0.278
7ly2_G_I_B	0.11518015873015873	0.15	0.278
7mzl_H_L_A	0.11454047619047618	0.0	0.458
7czt_H_L_A	0.11421448412698414	0.0	0.472
7ch5_H_L_R	0.1141529761904762	0.0	0.461
7kmg_A_B_C	0.1133875	0.0	0.494
7ps6_H_L_E	0.11156071428571428	0.0	0.473
7k8x_E_G_A	0.11131904761904765	0.0	0.774
7m6d_H_L_C	0.11126607142857142	0.0	0.456
7s4s_H_L_A	0.11119583333333333	0.0	0.458
6xkq_H_L_A	0.1111	0.0	0.765
7kzb_H_L_C	0.11014722222222222	0.0	0.468
6w41_H_L_C	0.10923333333333334	0.0	0.5
6xc7_H_L_A	0.10923333333333334	0.0	0.5
7a5s_H_L_A	0.10923333333333334	0.0	0.463
7r8l_C_D_E	0.10923333333333334	0.0	0.5
7qnw_A_B_E	0.10899166666666665	0.0	0.455
7l5b_H_L_A	0.10855257936507937	0.0	0.782
7qny_A_B_E	0.10708015873015872	0.0	0.627
7cm4_H_L_A	0.10706805555555556	0.0	0.434
6xc4_H_L_A	0.10586106711915536	0.0	0.474
6xc4_X_Y_Z	0.10586106711915536	0.0	0.474
6xc7_C_D_A	0.10586106711915536	0.0	0.474
7ps2_A_B_G	0.10578273809523808	0.0	0.467
7tht_a_c_S	0.10578214285714287	0.0	0.318
7tht_H_L_C	0.10578214285714287	0.0	0.318
7lxw_H_L_A	0.10441071428571429	0.381	0.267
7c01_C_D_B	0.1043878787878788	0.0	0.465
7bem_H_L_E	0.10434345238095236	0.0	0.307
7n3i_H_L_C	0.10420833333333333	0.0	0.459
7bnv_H_L_A	0.10318571428571428	0.0	0.482
7np1_H_L_A	0.10303134920634921	0.0	0.481
7np1_I_M_B	0.10303134920634921	0.0	0.481
7np1_J_N_C	0.10303134920634921	0.0	0.481
7np1_K_O_D	0.10303134920634921	0.0	0.481
7pqy_B_C_A	0.10283511904761905	0.0	0.466
7pqz_H_L_E	0.10283511904761905	0.0	0.466
7q0g_H_L_E	0.10283511904761905	0.0	0.466
7l7e_C_D_b	0.10277380952380953	0.0	0.47
7l7e_E_F_G	0.10277380952380953	0.0	0.47
7k8m_A_B_E	0.1025220238095238	0.0	0.462
7jmo_H_L_A	0.10159740259740259	0.0	0.457
7kfv_C_D_B	0.10051765873015875	0.0	0.468
7kfv_F_G_E	0.10051765873015875	0.0	0.468
7ks9_H_L_B	0.10005	0.0	0.466
7r8l_H_L_E	0.09962499999999999	0.0	0.457
7e86_A_B_C	0.099125	0.0	0.46
7nd4_F_G_B	0.09776785714285716	0.0	0.61
7nd4_H_L_C	0.09776785714285716	0.0	0.61
7czr_H_K_A	0.09756071428571428	0.0	0.364
7lab_T_S_A	0.09747380952380953	0.0	0.534
7lab_Y_X_B	0.09747380952380953	0.0	0.534
7kn3_H_L_A	0.09576666666666665	0.0	0.475
7k9h_I_M_C	0.0942458152958153	0.0	0.24
7f7e_C_L_E	0.0939861111111111	0.0	0.471
7sc1_M_N_B	0.09377202380952382	0.0	0.454
7dk2_A_B_C	0.09349761904761905	0.0	0.472
7mf1_H_L_A	0.09346309523809525	0.0	0.756
7cdi_H_L_E	0.09329166666666668	0.0	0.462
7e8c_H_L_A	0.09325833333333333	0.125	0.631
7e8f_H_L_A	0.09325833333333333	0.115	0.631
7mzj_F_E_A	0.09297261904761905	0.0	0.655
7k90_M_N_A	0.0923765873015873	0.0	0.698
7ra8_C_D_B	0.09065555555555554	0.0	0.351
7bej_H_L_E	0.08723333333333333	0.0	0.471
7bek_H_L_E	0.08723333333333333	0.0	0.471
7nd6_H_L_B	0.08723333333333333	0.0	0.471
7wd9_G_H_C	0.08657857142857144	0.0	0.403
7wk9_a_b_B	0.08657857142857144	0.0	0.403
7wk9_c_d_C	0.08657857142857144	0.0	0.403
6xc2_H_L_A	0.08424938672438671	0.0	0.467
6xc3_B_A_C	0.08424938672438671	0.0	0.467
7e5y_C_B_A	0.08337083333333334	0.0	0.503
7dcx_A_F_C	0.08080714285714287	0.0	0.376
7dcx_E_H_K	0.08080714285714287	0.0	0.376
7eam_C_D_B	0.07995	0.0	0.397
7lq7_P_Q_A	0.07692380952380952	0.0	0.526
7lq7_y_z_E	0.07692380952380952	0.0	0.526
7kfw_C_D_B	0.07087301587301588	0.0	0.466
7chf_H_L_R	0.07016287878787879	0.0	0.468
7e8c_D_E_C	0.07016287878787879	0.0	0.469
7e8c_O_Q_A	0.07016287878787879	0.0	0.469
7e8f_D_E_R	0.07016287878787879	0.0	0.468
7ben_G_I_C	0.0673452380952381	0.0	0.46
7orb_E_F_X	0.0673452380952381	0.0	0.46
7dk4_a_b_A	0.06442857142857142	0.0	0.387
7dk4_e_f_C	0.06442857142857142	0.0	0.387
7dk7_c_d_B	0.06442857142857142	0.0	0.387
7q9g_E_F_B	0.06158333333333334	0.0	0.272
