abname	sesascore	episim	absim
7v26_a_b_A	0.3315611721611722	0.867	0.449
7v26_c_d_C	0.3315611721611722	0.579	0.449
7pry_C_D_I	0.2805324675324675	0.294	0.291
7cwt_E_D_A	0.18639007936507937	0.474	0.349
7cyh_E_D_A	0.18639007936507937	0.368	0.353
7e5s_R_O_A	0.18639007936507937	0.333	0.299
7wcz_a_b_A	0.1861767857142857	0.0	0.239
7wd7_a_b_A	0.1861767857142857	0.0	0.239
7czt_H_L_A	0.1588065476190476	0.057	0.21
7mmo_A_B_C	0.15004734432234432	0.75	0.465
7mmo_D_E_F	0.15004734432234432	0.75	0.465
7q9k_D_E_B	0.1428988095238095	0.0	0.247
7lss_H_L_B	0.141445757020757	1.0	1.0
7mzk_N_M_B	0.1386667929292929	0.412	0.25
7f7e_C_L_E	0.13795119047619045	0.4	0.275
7ps6_H_L_E	0.13719761904761907	0.5	0.29
7l7e_C_D_b	0.13434345238095238	0.381	0.263
7l7e_E_F_G	0.13434345238095238	0.381	0.263
7kn3_H_L_A	0.1312378246753247	0.029	0.261
7beh_H_L_E	0.13080515873015872	0.0	0.296
7nd7_F_G_B	0.13080515873015872	0.0	0.298
7nd7_J_K_C	0.13080515873015872	0.038	0.298
7k9h_I_M_C	0.12781845238095238	0.0	0.387
7ps0_B_C_A	0.12614642857142858	0.238	0.331
7bnv_H_L_A	0.12575045787545788	0.0	0.252
7beo_C_D_X	0.12512619047619047	0.0	0.241
7beo_H_L_R	0.12512619047619047	0.0	0.241
7nd9_H_L_B	0.12512619047619047	0.0	0.232
7cwn_G_F_A	0.12389166666666666	0.0	0.283
7e5r_M_U_A	0.12389166666666666	0.0	0.387
7e5r_T_V_B	0.12389166666666666	0.0	0.387
7e5s_I_K_B	0.12389166666666666	0.0	0.387
7lrt_D_E_C	0.12379404761904762	0.0	0.236
7f62_H_L_A	0.12326414835164835	0.074	0.206
7m6g_R_S_B	0.12244583333333332	0.421	0.243
7ben_D_F_C	0.12154047619047618	0.0	0.243
7ben_H_L_E	0.12154047619047618	0.0	0.243
7ora_H_L_C	0.12154047619047618	0.0	0.243
7cwt_P_M_C	0.12114345238095238	0.0	0.399
7cwu_N_G_B	0.12114345238095238	0.0	0.399
7cwu_P_I_C	0.12114345238095238	0.0	0.399
7e5r_X_S_C	0.12114345238095238	0.0	0.403
7e5s_U_Q_B	0.12114345238095238	0.0	0.403
7m42_B_A_E	0.12097261904761904	0.0	0.31
7jx3_C_D_R	0.12062619047619048	0.192	0.273
7k90_M_N_A	0.11962301587301587	0.0	0.322
7lxz_E_D_A	0.11830595238095239	0.08	0.325
7k9z_B_A_E	0.1180040293040293	0.0	0.255
7k9z_H_L_E	0.11648095238095238	0.033	0.249
7msq_H_L_A	0.11448154761904762	0.0	0.284
7pqz_A_B_E	0.1144107142857143	0.471	0.282
7k8x_E_G_A	0.11389583333333335	0.087	0.3
7cm4_H_L_A	0.11346726190476189	0.033	0.276
7czy_H_K_A	0.11289609279609279	0.0	0.199
7l5b_H_L_A	0.11212619047619046	0.074	0.314
7kmg_A_B_C	0.11096071428571429	0.0	0.244
7e3l_D_E_A	0.11036904761904762	0.0	0.242
7lab_T_S_A	0.11025833333333332	0.0	0.253
7lab_Y_X_B	0.11025833333333332	0.0	0.253
7e7y_A_B_R	0.10987936507936508	0.0	0.312
7e7y_C_D_E	0.10987936507936508	0.0	0.312
7ljr_S_T_A	0.10950714285714287	0.057	0.189
7l2c_C_D_B	0.10912321428571428	0.0	0.299
7l2c_H_L_A	0.10912321428571428	0.0	0.299
7bep_A_B_E	0.10866071428571429	0.0	0.256
7nd8_H_L_B	0.10866071428571429	0.0	0.256
7qnw_A_B_E	0.10826785714285715	0.227	0.289
7ps2_A_B_G	0.10824761904761905	0.032	0.266
7ben_G_I_C	0.1081327380952381	0.333	0.256
7orb_E_F_X	0.1081327380952381	0.318	0.256
7kqe_H_L_A	0.10649226190476191	0.0	0.211
7kqe_I_N_B	0.10649226190476191	0.0	0.211
7m7b_H_L_A	0.10649226190476191	0.0	0.211
7czp_H_L_A	0.10640178571428571	0.061	0.267
7e8f_C_B_R	0.10637023809523809	0.091	0.238
7mzl_H_L_A	0.10613452380952382	0.026	0.251
7kzb_H_L_C	0.10499583333333332	0.0	0.273
7e7x_M_N_B	0.1046577380952381	0.0	0.307
7dpm_A_B_C	0.1027875	0.036	0.257
7dpm_G_H_I	0.1027875	0.037	0.257
7dpm_J_K_L	0.1027875	0.037	0.257
7rkv_D_H_B	0.10232797619047618	0.0	0.246
7rkv_E_F_A	0.10232797619047618	0.0	0.246
7rkv_G_L_C	0.10232797619047618	0.0	0.246
7sn3_F_G_B	0.10227976190476191	0.0	0.233
7sn3_H_L_C	0.10227976190476191	0.0	0.233
7ps4_B_C_A	0.1013739010989011	0.0	0.263
7l7e_H_L_S	0.10121428571428573	0.0	0.242
7l7e_I_J_K	0.10121428571428573	0.0	0.242
7k9j_I_M_B	0.10048571428571428	0.263	0.335
7k9j_J_N_C	0.10048571428571428	0.25	0.335
7k9k_H_L_A	0.10048571428571428	0.286	0.335
7mzj_F_E_A	0.09965714285714286	0.0	0.273
6xdg_C_A_E	0.09931071428571428	0.294	0.328
7byr_H_L_B	0.09903878205128205	0.08	0.314
7chc_A_B_R	0.09903690476190477	0.091	0.24
7che_A_B_R	0.09903690476190477	0.095	0.24
7chh_D_E_A	0.09903690476190477	0.143	0.24
7chh_J_K_C	0.09903690476190477	0.042	0.24
6xkq_H_L_A	0.09901488095238095	0.069	0.28
7nd4_F_G_B	0.09895158730158729	0.037	0.293
7nd4_H_L_C	0.09895158730158729	0.036	0.293
7cdj_H_L_E	0.0988797619047619	0.148	0.267
7qny_A_B_E	0.09882725563909775	0.069	0.26
7ks9_H_L_B	0.09874523809523811	0.05	0.271
7prz_H_L_E	0.09874000721500721	0.0	0.261
7mf1_H_L_A	0.09849880952380953	0.077	0.309
7ps7_A_B_E	0.09845714285714287	0.294	0.29
7ps7_H_L_R	0.09845714285714287	0.278	0.29
6xcn_B_D_A	0.09810238095238095	0.0	0.309
6xcn_H_L_C	0.09810238095238095	0.0	0.309
7q9f_H_L_A	0.09747559523809524	0.0	0.233
7q9f_J_K_C	0.09747559523809524	0.0	0.233
7tas_H_L_E	0.0972642857142857	0.031	0.422
7tat_H_L_A	0.0972642857142857	0.04	0.422
7mzj_H_L_A	0.09663531746031745	0.296	0.264
7djz_A_B_C	0.09617261904761906	0.065	0.24
7chs_H_L_E	0.09475000000000001	0.051	0.266
7kqb_H_L_A	0.09396071428571429	0.0	0.208
7kqb_K_J_C	0.09396071428571429	0.0	0.208
7dk0_A_B_C	0.09270992063492062	0.143	0.242
7ra8_C_D_B	0.09239583333333334	0.0	0.408
7eam_C_D_B	0.0921726551226551	0.0	0.245
7mzf_H_L_A	0.0920327380952381	0.051	0.262
7r8o_H_L_B	0.09161071428571428	0.179	0.236
7r8o_M_N_E	0.09161071428571428	0.148	0.236
7lcn_H_L_C	0.091325	0.0	0.301
7e86_A_B_C	0.09109285714285714	0.025	0.262
6xdg_B_D_E	0.09024999999999998	0.0	0.266
7e5y_C_B_A	0.08931428571428571	0.0	0.261
7np1_H_L_A	0.088375	0.0	0.263
7np1_I_M_B	0.088375	0.0	0.263
7np1_J_N_C	0.088375	0.0	0.263
7np1_K_O_D	0.088375	0.0	0.263
7n5h_H_L_A	0.08765714285714285	0.0	0.39
7m3i_H_L_R	0.0868380952380952	0.0	0.3
7kfw_C_D_B	0.086525	0.051	0.266
7q6e_E_F_B	0.08636547619047619	0.0	0.25
7q6e_J_K_C	0.08636547619047619	0.0	0.25
7c01_C_D_B	0.08608333333333333	0.0	0.265
7czr_H_K_A	0.08590714285714285	0.029	0.204
7kfv_C_D_B	0.08548214285714287	0.051	0.264
7kfv_F_G_E	0.08548214285714287	0.051	0.264
7ly0_H_L_A	0.0853297619047619	0.0	0.424
7ly2_G_I_B	0.0853297619047619	0.0	0.424
7n8i_H_L_A	0.08449404761904762	0.0	0.363
7so9_C_B_A	0.08449404761904762	0.0	0.362
7soa_H_L_A	0.08449404761904762	0.0	0.362
7tm0_I_H_A	0.08449404761904762	0.0	0.361
7bem_H_L_E	0.08434166666666666	0.049	0.32
7s0e_H_L_A	0.0840845238095238	0.0	0.262
6w41_H_L_C	0.08319318181818182	0.0	0.259
6xc7_H_L_A	0.08319318181818182	0.0	0.259
7a5s_H_L_A	0.08319318181818182	0.0	0.24
7r8l_C_D_E	0.08319318181818182	0.0	0.259
7tht_a_c_S	0.08204404761904761	0.067	0.334
7tht_H_L_C	0.08204404761904761	0.065	0.334
7bej_H_L_E	0.07995119047619048	0.047	0.251
7bek_H_L_E	0.07995119047619048	0.048	0.251
7nd6_H_L_B	0.07995119047619048	0.048	0.251
7cah_E_D_A	0.07951547619047618	0.0	0.274
7cak_E_D_A	0.07951547619047618	0.0	0.236
7cwn_E_D_B	0.07951547619047618	0.0	0.241
7cwn_H_N_C	0.07951547619047618	0.0	0.241
7e5r_L_H_A	0.07951547619047618	0.0	0.236
7e5s_L_D_B	0.07951547619047618	0.0	0.236
7lxw_H_L_A	0.07924126984126983	0.0	0.378
7e3b_B_C_A	0.07848055555555555	0.107	0.215
7r8l_H_L_E	0.07812738095238095	0.027	0.249
7ch5_H_L_R	0.07707321428571429	0.0	0.251
7kmk_I_M_B	0.07560654761904761	0.0	0.276
7kxk_I_M_B	0.07560654761904761	0.0	0.276
7s4s_H_L_A	0.07484722222222223	0.056	0.253
7lq7_P_Q_A	0.0746857142857143	0.0	0.246
7lq7_y_z_E	0.0746857142857143	0.0	0.246
6xc2_H_L_A	0.07421428571428572	0.047	0.26
6xc3_B_A_C	0.07421428571428572	0.024	0.26
7m6d_H_L_C	0.07349107142857143	0.0	0.25
7e88_A_B_C	0.07341488095238095	0.0	0.254
7e88_D_E_F	0.07341488095238095	0.0	0.254
7e88_G_H_I	0.07341488095238095	0.0	0.254
7faf_g_f_B	0.07179424603174601	0.227	0.195
7k8s_H_L_A	0.07168214285714285	0.037	0.28
7k8s_M_N_C	0.07168214285714285	0.0	0.28
7k8s_O_P_B	0.07168214285714285	0.045	0.28
7k8t_M_N_B	0.07168214285714285	0.0	0.28
7k8t_O_P_A	0.07168214285714285	0.032	0.28
7k8m_A_B_E	0.07125238095238096	0.029	0.257
7dk2_A_B_C	0.07035476190476189	0.027	0.274
7ej5_H_L_A	0.06931249999999999	0.0	0.198
7ej5_J_N_C	0.06931249999999999	0.0	0.198
7jmo_H_L_A	0.06788095238095238	0.025	0.251
7ld1_P_O_A	0.06695416666666665	0.0	0.237
7n3i_H_L_C	0.0661392857142857	0.027	0.251
7dcx_A_F_C	0.06592261904761904	0.088	0.285
7dcx_E_H_K	0.06592261904761904	0.0	0.285
7bel_A_B_R	0.06579682539682538	0.0	0.255
7bel_C_D_X	0.06579682539682538	0.0	0.255
7ora_D_E_C	0.06579682539682538	0.0	0.256
7dk4_a_b_A	0.06487619047619048	0.059	0.275
7dk4_e_f_C	0.06487619047619048	0.0	0.275
7dk7_c_d_B	0.06487619047619048	0.111	0.275
7w9f_A_B_E	0.0638125	0.0	0.194
7akd_D_E_C	0.06379999999999998	0.0	0.401
7r6x_H_L_R	0.06317857142857143	0.0	0.269
6xc4_H_L_A	0.06207261904761905	0.0	0.261
6xc4_X_Y_Z	0.06207261904761905	0.0	0.261
6xc7_C_D_A	0.06207261904761905	0.0	0.261
7e8c_H_L_A	0.06117234848484848	0.0	0.258
7e8f_H_L_A	0.06117234848484848	0.0	0.258
6wps_C_D_B	0.060858333333333334	0.037	0.332
6wpt_D_E_A	0.060858333333333334	0.042	0.332
7bep_H_L_E	0.060858333333333334	0.08	0.244
7jx3_A_B_R	0.060858333333333334	0.038	0.245
7l0n_C_D_S	0.060858333333333334	0.069	0.245
7tly_A_B_I	0.060858333333333334	0.042	0.266
7tn0_B_A_I	0.060858333333333334	0.038	0.245
7tn0_C_D_S	0.060858333333333334	0.038	0.245
7pqy_B_C_A	0.05922142857142858	0.0	0.26
7pqz_H_L_E	0.05922142857142858	0.0	0.26
7q0g_H_L_E	0.05922142857142858	0.0	0.26
7cdi_H_L_E	0.05877380952380953	0.0	0.253
7sc1_M_N_B	0.058708333333333335	0.0	0.257
7chf_H_L_R	0.05709722222222222	0.049	0.256
7e8c_D_E_C	0.05709722222222222	0.056	0.256
7e8c_O_Q_A	0.05709722222222222	0.054	0.256
7e8f_D_E_R	0.05709722222222222	0.053	0.256
7wd9_G_H_C	0.055883333333333333	0.0	0.229
7wk9_a_b_B	0.055883333333333333	0.0	0.229
7wk9_c_d_C	0.055883333333333333	0.0	0.229
6zdg_B_C_A	0.055645238095238095	0.0	0.27
6zdh_D_F_B	0.055645238095238095	0.0	0.27
6zdh_G_I_C	0.055645238095238095	0.0	0.27
6zfo_B_C_A	0.055645238095238095	0.0	0.27
7nx9_H_L_E	0.055645238095238095	0.0	0.27
7nxa_H_L_E	0.055645238095238095	0.0	0.27
7nxb_H_L_E	0.055645238095238095	0.0	0.27
7qnw_H_L_E	0.055645238095238095	0.0	0.27
7q9g_E_F_B	0.035675	0.0	0.344
