abname	sesascore	episim	absim
7chf_H_L_R	0.6412738095238095	0.706	0.864
7e8c_D_E_C	0.6412738095238095	0.767	0.857
7e8c_O_Q_A	0.6412738095238095	0.742	0.857
7e8f_D_E_R	0.6412738095238095	0.774	0.86
7kfw_C_D_B	0.6390291125541123	0.75	0.87
7q9g_E_F_B	0.5107964285714287	0.0	0.375
6xc2_H_L_A	0.504097619047619	0.818	0.87
6xc3_B_A_C	0.504097619047619	0.727	0.87
7kfv_C_D_B	0.4871719696969697	0.806	0.87
7kfv_F_G_E	0.4871719696969697	0.806	0.87
7sc1_M_N_B	0.4801642857142857	0.545	0.833
7cdi_H_L_E	0.4514821428571429	0.733	0.792
7bem_H_L_E	0.44710952380952373	0.758	0.444
7bej_H_L_E	0.43256904761904746	0.818	0.848
7bek_H_L_E	0.43256904761904746	0.844	0.848
7nd6_H_L_B	0.43256904761904746	0.844	0.848
7e86_A_B_C	0.43232619047619053	0.647	0.858
7r8l_H_L_E	0.42484642857142857	0.767	0.766
6xc4_H_L_A	0.405375	0.759	0.807
6xc4_X_Y_Z	0.405375	0.7	0.807
6xc7_C_D_A	0.405375	0.724	0.807
7n3i_H_L_C	0.3867242063492064	0.767	0.802
7e5y_C_B_A	0.37667460317460316	0.724	0.74
7np1_H_L_A	0.36572380952380956	0.655	0.862
7np1_I_M_B	0.36572380952380956	0.655	0.862
7np1_J_N_C	0.36572380952380956	0.767	0.862
7np1_K_O_D	0.36572380952380956	0.69	0.862
6xcn_B_D_A	0.35382023809523805	0.552	0.572
6xcn_H_L_C	0.35382023809523805	0.552	0.572
7k8m_A_B_E	0.353477380952381	0.821	0.819
7pqy_B_C_A	0.35215357142857145	0.677	0.84
7pqz_H_L_E	0.35215357142857145	0.625	0.84
7q0g_H_L_E	0.35215357142857145	0.594	0.84
7kmk_I_M_B	0.34528079004329	0.364	0.842
7kxk_I_M_B	0.34528079004329	0.303	0.842
7jmo_H_L_A	0.34405793650793653	0.75	0.79
7c01_C_D_B	0.3305035714285715	0.667	0.858
7dk4_a_b_A	0.29498214285714286	0.342	0.48
7dk4_e_f_C	0.29498214285714286	0.289	0.48
7dk7_c_d_B	0.29498214285714286	0.31	0.48
7ch5_H_L_R	0.262577380952381	0.767	0.828
7m6d_H_L_C	0.24785833333333332	0.724	0.797
7s4s_H_L_A	0.23735277777777777	0.828	0.797
7m6g_R_S_B	0.2192488095238095	0.0	0.68
7mzj_F_E_A	0.21434325396825402	0.5	0.56
7kmg_A_B_C	0.20445000000000005	0.073	0.687
7ks9_H_L_B	0.19035833333333332	0.727	0.857
7dk0_A_B_C	0.1901392857142857	0.093	0.539
7dcx_A_F_C	0.18738690476190478	0.13	0.489
7dcx_E_H_K	0.18738690476190478	0.245	0.489
7q6e_E_F_B	0.1831482142857143	0.0	0.69
7q6e_J_K_C	0.1831482142857143	0.0	0.69
7r6x_H_L_R	0.18203257575757575	0.0	0.821
7tht_a_c_S	0.18131190476190473	0.068	0.329
7tht_H_L_C	0.18131190476190473	0.091	0.329
7byr_H_L_B	0.17107023809523814	0.135	0.358
7e3b_B_C_A	0.16201071428571429	0.0	0.512
7mzf_H_L_A	0.16191666666666665	1.0	1.0
7m3i_H_L_R	0.1593930860805861	0.022	0.49
7nd4_F_G_B	0.15793154761904762	0.387	0.457
7nd4_H_L_C	0.15793154761904762	0.375	0.457
7e88_A_B_C	0.15745238095238095	0.75	0.861
7e88_D_E_F	0.15745238095238095	0.786	0.861
7e88_G_H_I	0.15745238095238095	0.724	0.861
7f62_H_L_A	0.15130198412698412	0.294	0.521
7cdj_H_L_E	0.15014642857142857	0.179	0.828
7q9k_D_E_B	0.1494345238095238	0.026	0.75
7ps6_H_L_E	0.14893690476190477	0.114	0.749
7lxz_E_D_A	0.1477583333333333	0.105	0.287
7pry_C_D_I	0.14653333333333332	0.088	0.675
7dk2_A_B_C	0.14513214285714288	0.559	0.842
7chs_H_L_E	0.14481071428571432	0.806	0.867
7ra8_C_D_B	0.1431581168831169	0.051	0.275
7k9z_H_L_E	0.14156190476190478	0.0	0.76
7e7y_A_B_R	0.1411654761904762	0.281	0.554
7e7y_C_D_E	0.1411654761904762	0.219	0.554
7beh_H_L_E	0.13957936507936505	0.111	0.47
7nd7_F_G_B	0.13957936507936505	0.139	0.486
7nd7_J_K_C	0.13957936507936505	0.135	0.486
7bep_A_B_E	0.13583571428571428	0.114	0.77
7nd8_H_L_B	0.13583571428571428	0.114	0.77
7czr_H_K_A	0.1303452380952381	0.667	0.604
7ps4_B_C_A	0.12897777777777775	0.0	0.486
7jx3_C_D_R	0.1279722222222222	0.353	0.53
7pqz_A_B_E	0.12612142857142858	0.026	0.543
7cah_E_D_A	0.12541130952380952	0.022	0.471
7cak_E_D_A	0.12541130952380952	0.022	0.669
7cwn_E_D_B	0.12541130952380952	0.021	0.646
7cwn_H_N_C	0.12541130952380952	0.021	0.646
7e5r_L_H_A	0.12541130952380952	0.024	0.669
7e5s_L_D_B	0.12541130952380952	0.0	0.669
7k9h_I_M_C	0.1244	0.086	0.264
7r8o_H_L_B	0.1243559523809524	0.143	0.461
7r8o_M_N_E	0.1243559523809524	0.122	0.461
7ld1_P_O_A	0.12363809523809524	0.14	0.692
7q9f_H_L_A	0.12051666666666666	0.0	0.688
7q9f_J_K_C	0.12051666666666666	0.0	0.688
7ljr_S_T_A	0.12040833333333334	0.106	0.482
7chc_A_B_R	0.1199440476190476	0.0	0.732
7che_A_B_R	0.1199440476190476	0.0	0.732
7chh_D_E_A	0.1199440476190476	0.0	0.732
7chh_J_K_C	0.1199440476190476	0.026	0.732
7mzl_H_L_A	0.11860238095238096	0.543	0.632
6w41_H_L_C	0.11855	0.0	0.678
6xc7_H_L_A	0.11855	0.0	0.678
7a5s_H_L_A	0.11855	0.0	0.616
7r8l_C_D_E	0.11855	0.0	0.678
7e8f_C_B_R	0.11787738095238094	0.0	0.732
7kqe_H_L_A	0.11786785714285715	0.023	0.364
7kqe_I_N_B	0.11786785714285715	0.022	0.364
7m7b_H_L_A	0.11786785714285715	0.024	0.364
7djz_A_B_C	0.11754166666666667	0.171	0.69
7f7e_C_L_E	0.11632857142857143	0.024	0.809
7ps0_B_C_A	0.1162095238095238	0.171	0.482
7k90_M_N_A	0.11617261904761907	0.111	0.571
7n5h_H_L_A	0.11583571428571428	0.095	0.306
7m42_B_A_E	0.11474166666666667	0.114	0.482
7czp_H_L_A	0.11257222222222223	0.471	0.377
7kzb_H_L_C	0.11205892857142857	0.021	0.817
6xkq_H_L_A	0.10957023809523811	0.438	0.461
7lab_T_S_A	0.10785357142857142	0.0	0.646
7lab_Y_X_B	0.10785357142857142	0.0	0.646
7k9z_B_A_E	0.10605357142857144	0.29	0.702
7faf_g_f_B	0.10544816017316018	0.0	0.521
7e8c_H_L_A	0.10497261904761904	0.0	0.528
7e8f_H_L_A	0.10497261904761904	0.0	0.528
7kn3_H_L_A	0.10489204545454546	0.378	0.77
7ps2_A_B_G	0.10455238095238094	0.424	0.75
7mzk_N_M_B	0.10320376984126983	0.026	0.69
7akd_D_E_C	0.1008	0.0	0.294
7lrt_D_E_C	0.10014404761904763	0.31	0.678
7ben_D_F_C	0.09990833333333334	0.323	0.678
7ben_H_L_E	0.09990833333333334	0.367	0.678
7ora_H_L_C	0.09990833333333334	0.29	0.678
7dpm_A_B_C	0.09961666666666667	0.048	0.826
7dpm_G_H_I	0.09961666666666667	0.024	0.826
7dpm_J_K_L	0.09961666666666667	0.024	0.826
7sn3_F_G_B	0.09957440476190475	0.0	0.696
7sn3_H_L_C	0.09957440476190475	0.0	0.696
7mf1_H_L_A	0.09914458874458873	0.0	0.483
7mzj_H_L_A	0.09905833333333332	0.0	0.812
6zdg_B_C_A	0.09882142857142856	0.0	0.843
6zdh_D_F_B	0.09882142857142856	0.0	0.843
6zdh_G_I_C	0.09882142857142856	0.0	0.843
6zfo_B_C_A	0.09882142857142856	0.0	0.843
7nx9_H_L_E	0.09882142857142856	0.0	0.843
7nxa_H_L_E	0.09882142857142856	0.0	0.843
7nxb_H_L_E	0.09882142857142856	0.0	0.843
7qnw_H_L_E	0.09882142857142856	0.0	0.843
7wd9_G_H_C	0.09840833333333333	0.0	0.462
7wk9_a_b_B	0.09840833333333333	0.0	0.462
7wk9_c_d_C	0.09840833333333333	0.0	0.462
7l5b_H_L_A	0.09838095238095239	0.128	0.461
7v26_a_b_A	0.09778571428571428	0.049	0.456
7v26_c_d_C	0.09778571428571428	0.071	0.456
7lq7_P_Q_A	0.096525	0.064	0.717
7lq7_y_z_E	0.096525	0.065	0.717
7ps7_A_B_E	0.09609526862026863	0.121	0.48
7ps7_H_L_R	0.09609526862026863	0.118	0.48
7eam_C_D_B	0.09603452380952382	0.0	0.48
7czy_H_K_A	0.09589761904761908	0.323	0.5
7s0e_H_L_A	0.09424603174603174	0.0	0.849
7l7e_C_D_b	0.09301666666666666	0.0	0.758
7l7e_E_F_G	0.09301666666666666	0.0	0.758
7k9j_I_M_B	0.09295	0.0	0.272
7k9j_J_N_C	0.09295	0.0	0.272
7k9k_H_L_A	0.09295	0.0	0.272
7k8x_E_G_A	0.09147103174603173	0.053	0.482
6xdg_B_D_E	0.09053928571428572	0.219	0.829
7qnw_A_B_E	0.08758690476190478	0.077	0.756
7qny_A_B_E	0.0869452380952381	0.0	0.519
7beo_C_D_X	0.08690833333333334	0.333	0.678
7beo_H_L_R	0.08690833333333334	0.323	0.678
7nd9_H_L_B	0.08690833333333334	0.367	0.652
7msq_H_L_A	0.08665	0.023	0.728
7prz_H_L_E	0.08662656926406925	0.441	0.753
7cm4_H_L_A	0.08634404761904763	0.243	0.348
7e3l_D_E_A	0.08597738095238096	0.281	0.662
7bnv_H_L_A	0.0855190476190476	0.025	0.677
7l2c_C_D_B	0.0851452380952381	0.0	0.479
7l2c_H_L_A	0.0851452380952381	0.0	0.479
7cwn_G_F_A	0.08339404761904762	0.079	0.803
7e5r_M_U_A	0.08339404761904762	0.054	0.405
7e5r_T_V_B	0.08339404761904762	0.056	0.405
7e5s_I_K_B	0.08339404761904762	0.098	0.405
6wps_C_D_B	0.08286547619047618	0.0	0.292
6wpt_D_E_A	0.08286547619047618	0.0	0.292
7bep_H_L_E	0.08286547619047618	0.0	0.677
7jx3_A_B_R	0.08286547619047618	0.0	0.674
7l0n_C_D_S	0.08286547619047618	0.0	0.674
7tly_A_B_I	0.08286547619047618	0.0	0.496
7tn0_B_A_I	0.08286547619047618	0.0	0.674
7tn0_C_D_S	0.08286547619047618	0.0	0.674
7kqb_H_L_A	0.08144166666666666	0.119	0.573
7kqb_K_J_C	0.08144166666666666	0.116	0.573
7l7e_H_L_S	0.08107500000000001	0.258	0.665
7l7e_I_J_K	0.08107500000000001	0.281	0.665
7lss_H_L_B	0.0802642857142857	0.051	0.262
7mmo_A_B_C	0.07964285714285714	0.103	0.553
7mmo_D_E_F	0.07964285714285714	0.103	0.553
7bel_A_B_R	0.07931904761904762	0.0	0.775
7bel_C_D_X	0.07931904761904762	0.0	0.775
7ora_D_E_C	0.07931904761904762	0.0	0.788
7czt_H_L_A	0.07735952380952382	0.486	0.418
7lxw_H_L_A	0.07674642857142858	0.0	0.318
7n8i_H_L_A	0.07669404761904762	0.0	0.38
7so9_C_B_A	0.07669404761904762	0.0	0.379
7soa_H_L_A	0.07669404761904762	0.0	0.379
7tm0_I_H_A	0.07669404761904762	0.0	0.381
7tas_H_L_E	0.07664725274725273	0.263	0.327
7tat_H_L_A	0.07664725274725273	0.242	0.327
6xdg_C_A_E	0.07530714285714286	0.028	0.556
7rkv_D_H_B	0.07455119047619047	0.02	0.533
7rkv_E_F_A	0.07455119047619047	0.02	0.533
7rkv_G_L_C	0.07455119047619047	0.02	0.533
7ly0_H_L_A	0.07397467532467533	0.0	0.338
7ly2_G_I_B	0.07397467532467533	0.0	0.338
7cwt_E_D_A	0.07374999999999998	0.132	0.356
7cyh_E_D_A	0.07374999999999998	0.139	0.356
7e5s_R_O_A	0.07374999999999998	0.147	0.544
7ej5_H_L_A	0.07306250000000002	0.29	0.48
7ej5_J_N_C	0.07306250000000002	0.233	0.48
7e7x_M_N_B	0.07106987179487179	0.0	0.475
7wcz_a_b_A	0.07008095238095238	0.194	0.465
7wd7_a_b_A	0.07008095238095238	0.241	0.465
7w9f_A_B_E	0.06812916666666666	0.29	0.365
7lcn_H_L_C	0.0641639194139194	0.0	0.469
7cwt_P_M_C	0.061670238095238104	0.0	0.275
7cwu_N_G_B	0.061670238095238104	0.0	0.275
7cwu_P_I_C	0.061670238095238104	0.0	0.275
7e5r_X_S_C	0.061670238095238104	0.0	0.275
7e5s_U_Q_B	0.061670238095238104	0.0	0.275
7ben_G_I_C	0.06071190476190476	0.024	0.811
7orb_E_F_X	0.06071190476190476	0.023	0.811
7k8s_H_L_A	0.05711011904761905	0.075	0.835
7k8s_M_N_C	0.05711011904761905	0.081	0.835
7k8s_O_P_B	0.05711011904761905	0.086	0.835
7k8t_M_N_B	0.05711011904761905	0.053	0.835
7k8t_O_P_A	0.05711011904761905	0.093	0.835
