abname	sesascore	episim	absim
7kfw_C_D_B	0.7996416666666667	0.767	0.823
7chf_H_L_R	0.6756916666666666	0.774	0.809
7e8c_D_E_C	0.6756916666666666	0.786	0.807
7e8c_O_Q_A	0.6756916666666666	0.759	0.807
7e8f_D_E_R	0.6756916666666666	0.793	0.809
7kfv_C_D_B	0.5901095238095239	0.828	0.83
7kfv_F_G_E	0.5901095238095239	0.828	0.83
7q9g_E_F_B	0.5755559523809524	0.0	0.456
6xc2_H_L_A	0.554275	0.727	0.822
6xc3_B_A_C	0.554275	0.688	0.822
7sc1_M_N_B	0.5347821428571429	0.6	0.802
7bem_H_L_E	0.5084684523809524	0.719	0.424
7e86_A_B_C	0.505825	0.71	0.811
7r8l_H_L_E	0.48710158730158737	0.852	0.913
7cdi_H_L_E	0.4818154761904762	0.75	0.917
7e5y_C_B_A	0.44067083333333334	0.741	0.723
7n3i_H_L_C	0.43768492063492065	1.0	1.0
6xcn_B_D_A	0.42026071428571427	0.556	0.587
6xcn_H_L_C	0.42026071428571427	0.556	0.587
7pqy_B_C_A	0.41025535714285716	0.815	0.805
7pqz_H_L_E	0.41025535714285716	0.75	0.805
7q0g_H_L_E	0.41025535714285716	0.714	0.805
6xc4_H_L_A	0.40663333333333335	0.778	0.913
6xc4_X_Y_Z	0.40663333333333335	0.778	0.913
6xc7_C_D_A	0.40663333333333335	0.741	0.913
7np1_H_L_A	0.4016809523809524	0.731	0.79
7np1_I_M_B	0.4016809523809524	0.667	0.79
7np1_J_N_C	0.4016809523809524	0.724	0.79
7np1_K_O_D	0.4016809523809524	0.704	0.79
7jmo_H_L_A	0.3805071428571429	0.828	0.939
7k8m_A_B_E	0.36936071428571426	0.846	0.954
7bej_H_L_E	0.3658166666666666	0.727	0.802
7bek_H_L_E	0.3658166666666666	0.697	0.802
7nd6_H_L_B	0.3658166666666666	0.697	0.802
7kmk_I_M_B	0.3491142857142857	0.448	0.775
7kxk_I_M_B	0.3491142857142857	0.379	0.775
7c01_C_D_B	0.33621071428571436	0.677	0.827
7dk4_a_b_A	0.2953	0.297	0.479
7dk4_e_f_C	0.2953	0.314	0.479
7dk7_c_d_B	0.2953	0.268	0.479
7ch5_H_L_R	0.26139404761904755	0.724	0.911
7m6d_H_L_C	0.2517777777777778	0.741	0.909
7s4s_H_L_A	0.24726388888888887	0.786	0.897
7mzj_F_E_A	0.23864880952380954	0.556	0.561
7kmg_A_B_C	0.23481666666666667	0.108	0.65
7m6g_R_S_B	0.234125	0.026	0.779
7ks9_H_L_B	0.21528333333333333	0.742	0.8
7tht_a_c_S	0.21407857142857142	0.1	0.297
7tht_H_L_C	0.21407857142857142	0.125	0.297
7dcx_A_F_C	0.20979166666666668	0.114	0.473
7dcx_E_H_K	0.20979166666666668	0.234	0.473
7r6x_H_L_R	0.20769761904761905	0.0	0.766
7dk0_A_B_C	0.19240714285714286	0.1	0.574
7dk2_A_B_C	0.19192142857142858	0.613	0.778
7m3i_H_L_R	0.18306250000000002	0.024	0.489
7e88_A_B_C	0.18250238095238097	0.704	0.774
7e88_D_E_F	0.18250238095238097	0.741	0.774
7e88_G_H_I	0.18250238095238097	0.679	0.774
7e3b_B_C_A	0.18113214285714282	0.0	0.51
7byr_H_L_B	0.1797277777777778	0.147	0.299
7nd4_F_G_B	0.1776053571428572	0.429	0.45
7nd4_H_L_C	0.1776053571428572	0.414	0.45
7pry_C_D_I	0.1752369047619048	0.062	0.724
7q6e_E_F_B	0.17236904761904762	0.0	0.764
7q6e_J_K_C	0.17236904761904762	0.0	0.764
7mzf_H_L_A	0.16679166666666664	0.767	0.802
7bep_A_B_E	0.16544999999999999	0.125	0.73
7nd8_H_L_B	0.16544999999999999	0.125	0.73
7ra8_C_D_B	0.16474460678210678	0.086	0.269
7beh_H_L_E	0.16154166666666667	0.156	0.455
7nd7_F_G_B	0.16154166666666667	0.152	0.47
7nd7_J_K_C	0.16154166666666667	0.147	0.47
7lxz_E_D_A	0.16089444444444445	0.147	0.35
7cdj_H_L_E	0.15975	0.162	0.772
7e7y_A_B_R	0.15795833333333334	0.267	0.569
7e7y_C_D_E	0.15795833333333334	0.2	0.569
7chs_H_L_E	0.15671944444444444	0.893	0.815
7ps6_H_L_E	0.15412738095238093	0.091	0.679
7e8f_C_B_R	0.1534160714285714	0.0	0.763
7chc_A_B_R	0.1526875	0.0	0.763
7che_A_B_R	0.1526875	0.0	0.763
7chh_D_E_A	0.1526875	0.0	0.763
7chh_J_K_C	0.1526875	0.0	0.763
7e8c_H_L_A	0.15176488095238097	0.0	0.532
7e8f_H_L_A	0.15176488095238097	0.0	0.532
7q9k_D_E_B	0.14959682539682545	0.029	0.681
7ld1_P_O_A	0.14717797619047618	0.122	0.699
7lab_T_S_A	0.14660357142857142	0.0	0.725
7lab_Y_X_B	0.14660357142857142	0.0	0.725
7k9z_H_L_E	0.1449857142857143	0.024	0.679
7ljr_S_T_A	0.14236666666666667	0.114	0.513
7jx3_C_D_R	0.14180515873015875	0.344	0.524
7k9h_I_M_C	0.13676428571428573	0.129	0.265
7czr_H_K_A	0.13652857142857142	0.808	0.586
7ps4_B_C_A	0.131375	0.0	0.475
7n5h_H_L_A	0.1313666666666667	0.075	0.376
7m42_B_A_E	0.12991666666666668	0.161	0.466
7cah_E_D_A	0.12986746031746035	0.024	0.465
7cak_E_D_A	0.12986746031746035	0.023	0.653
7cwn_E_D_B	0.12986746031746035	0.0	0.631
7cwn_H_N_C	0.12986746031746035	0.0	0.631
7e5r_L_H_A	0.12986746031746035	0.026	0.653
7e5s_L_D_B	0.12986746031746035	0.023	0.653
7wd9_G_H_C	0.1294428571428571	0.0	0.459
7wk9_a_b_B	0.1294428571428571	0.0	0.459
7wk9_c_d_C	0.1294428571428571	0.0	0.459
7f62_H_L_A	0.1282829365079365	0.323	0.523
7r8o_H_L_B	0.12762738095238096	0.125	0.465
7r8o_M_N_E	0.12762738095238096	0.103	0.465
6xkq_H_L_A	0.12641527777777778	0.387	0.448
7czp_H_L_A	0.12590119047619047	0.424	0.375
7k90_M_N_A	0.12525	0.156	0.578
7v26_a_b_A	0.12455555555555556	0.026	0.462
7v26_c_d_C	0.12455555555555556	0.05	0.462
7pqz_A_B_E	0.12454821428571429	0.028	0.561
7ps2_A_B_G	0.12136130952380954	0.467	0.757
7kqe_H_L_A	0.12108571428571427	0.0	0.371
7kqe_I_N_B	0.12108571428571427	0.0	0.371
7m7b_H_L_A	0.12108571428571427	0.0	0.371
7q9f_H_L_A	0.12041785714285716	0.0	0.752
7q9f_J_K_C	0.12041785714285716	0.0	0.752
7k8x_E_G_A	0.12011805555555556	0.088	0.496
7djz_A_B_C	0.11922083333333335	0.184	0.713
7ps0_B_C_A	0.11836349206349205	0.188	0.479
7mzl_H_L_A	0.11757440476190477	0.5	0.689
7l5b_H_L_A	0.11746845238095238	0.108	0.458
7faf_g_f_B	0.11723531746031747	0.0	0.484
7sn3_F_G_B	0.11691011904761905	0.0	0.764
7sn3_H_L_C	0.11691011904761905	0.0	0.764
7f7e_C_L_E	0.11595448717948718	0.026	0.744
7kzb_H_L_C	0.11486845238095238	0.0	0.752
7l7e_C_D_b	0.11454642857142856	0.025	0.734
7l7e_E_F_G	0.11454642857142856	0.025	0.734
6wps_C_D_B	0.11430833333333333	0.0	0.353
6wpt_D_E_A	0.11430833333333333	0.0	0.353
7bep_H_L_E	0.11430833333333333	0.0	0.754
7jx3_A_B_R	0.11430833333333333	0.0	0.75
7l0n_C_D_S	0.11430833333333333	0.0	0.75
7tly_A_B_I	0.11430833333333333	0.0	0.567
7tn0_B_A_I	0.11430833333333333	0.0	0.75
7tn0_C_D_S	0.11430833333333333	0.0	0.75
7lq7_P_Q_A	0.1135	0.044	0.669
7lq7_y_z_E	0.1135	0.045	0.669
7mf1_H_L_A	0.11345714285714285	0.0	0.473
7mzj_H_L_A	0.11262916666666666	0.022	0.754
7ps7_A_B_E	0.111925	0.097	0.472
7ps7_H_L_R	0.111925	0.129	0.472
7akd_D_E_C	0.11164583333333333	0.0	0.328
7dpm_A_B_C	0.1096	0.051	0.767
7dpm_G_H_I	0.1096	0.026	0.767
7dpm_J_K_L	0.1096	0.053	0.767
7kn3_H_L_A	0.10939107142857142	0.371	0.795
7eam_C_D_B	0.10631488095238098	0.0	0.45
7tas_H_L_E	0.10602738095238097	0.286	0.325
7tat_H_L_A	0.10602738095238097	0.267	0.325
7s0e_H_L_A	0.10510000000000001	0.0	0.785
7k9z_B_A_E	0.10426785714285715	0.276	0.693
7k9j_I_M_B	0.10242857142857142	0.0	0.282
7k9j_J_N_C	0.10242857142857142	0.0	0.282
7k9k_H_L_A	0.10242857142857142	0.0	0.282
6w41_H_L_C	0.10206964285714286	0.0	0.688
6xc7_H_L_A	0.10206964285714286	0.0	0.688
7a5s_H_L_A	0.10206964285714286	0.0	0.639
7r8l_C_D_E	0.10206964285714286	0.0	0.688
7e3l_D_E_A	0.10127976190476193	0.31	0.741
7ben_D_F_C	0.10098809523809525	0.357	0.755
7ben_H_L_E	0.10098809523809525	0.407	0.755
7ora_H_L_C	0.10098809523809525	0.37	0.755
7czy_H_K_A	0.10038015873015872	0.407	0.503
7bel_A_B_R	0.09997738095238096	0.0	0.734
7bel_C_D_X	0.09997738095238096	0.0	0.734
7ora_D_E_C	0.09997738095238096	0.0	0.746
7mzk_N_M_B	0.09927162698412698	0.029	0.693
7lrt_D_E_C	0.09920535714285716	0.296	0.765
7bnv_H_L_A	0.098625	0.027	0.726
7msq_H_L_A	0.09720000000000001	0.024	0.683
7kqb_H_L_A	0.09708333333333334	0.158	0.558
7kqb_K_J_C	0.09708333333333334	0.154	0.558
6xdg_B_D_E	0.09706666666666668	0.241	0.763
7qny_A_B_E	0.09544940476190476	0.0	0.528
7beo_C_D_X	0.09448809523809526	0.37	0.758
7beo_H_L_R	0.09448809523809526	0.357	0.758
7nd9_H_L_B	0.09448809523809526	0.407	0.728
7mmo_A_B_C	0.09389880952380954	0.081	0.568
7mmo_D_E_F	0.09389880952380954	0.081	0.568
6xdg_C_A_E	0.09300000000000001	0.0	0.541
7l2c_C_D_B	0.09261190476190476	0.0	0.466
7l2c_H_L_A	0.09261190476190476	0.0	0.466
7cm4_H_L_A	0.09215	0.265	0.361
7ly0_H_L_A	0.09172857142857144	0.0	0.341
7ly2_G_I_B	0.09172857142857144	0.0	0.341
7lxw_H_L_A	0.09100000000000001	0.0	0.335
7e7x_M_N_B	0.08755000000000002	0.0	0.474
7cwn_G_F_A	0.08679880952380953	0.118	0.762
7e5r_M_U_A	0.08679880952380953	0.091	0.388
7e5r_T_V_B	0.08679880952380953	0.094	0.388
7e5s_I_K_B	0.08679880952380953	0.135	0.388
7prz_H_L_E	0.0865382756132756	0.484	0.756
7lss_H_L_B	0.08563472222222222	0.027	0.251
7l7e_H_L_S	0.08383333333333334	0.286	0.768
7l7e_I_J_K	0.08383333333333334	0.31	0.768
7qnw_A_B_E	0.08335714285714288	0.083	0.689
7n8i_H_L_A	0.079625	0.0	0.355
7so9_C_B_A	0.079625	0.0	0.354
7soa_H_L_A	0.079625	0.0	0.354
7tm0_I_H_A	0.079625	0.0	0.356
7czt_H_L_A	0.07905119047619048	0.485	0.416
7rkv_D_H_B	0.0784922619047619	0.021	0.562
7rkv_E_F_A	0.0784922619047619	0.021	0.562
7rkv_G_L_C	0.0784922619047619	0.021	0.562
7wcz_a_b_A	0.07582380952380953	0.172	0.458
7wd7_a_b_A	0.07582380952380953	0.222	0.458
7cwt_E_D_A	0.07579583333333334	0.143	0.398
7cyh_E_D_A	0.07579583333333334	0.152	0.395
7e5s_R_O_A	0.07579583333333334	0.161	0.596
7lcn_H_L_C	0.07558333333333332	0.0	0.459
6zdg_B_C_A	0.07279166666666666	0.0	0.783
6zdh_D_F_B	0.07279166666666666	0.0	0.783
6zdh_G_I_C	0.07279166666666666	0.0	0.783
6zfo_B_C_A	0.07279166666666666	0.0	0.783
7nx9_H_L_E	0.07279166666666666	0.0	0.783
7nxa_H_L_E	0.07279166666666666	0.0	0.783
7nxb_H_L_E	0.07279166666666666	0.0	0.783
7qnw_H_L_E	0.07279166666666666	0.0	0.783
7ej5_H_L_A	0.07191666666666666	0.233	0.471
7ej5_J_N_C	0.07191666666666666	0.214	0.471
7w9f_A_B_E	0.06583333333333333	0.276	0.357
7k8s_H_L_A	0.060512500000000004	0.111	0.804
7k8s_M_N_C	0.060512500000000004	0.121	0.804
7k8s_O_P_B	0.060512500000000004	0.129	0.804
7k8t_M_N_B	0.060512500000000004	0.057	0.804
7k8t_O_P_A	0.060512500000000004	0.128	0.804
7cwt_P_M_C	0.06035	0.0	0.274
7cwu_N_G_B	0.06035	0.0	0.274
7cwu_P_I_C	0.06035	0.0	0.274
7e5r_X_S_C	0.06035	0.0	0.274
7e5s_U_Q_B	0.06035	0.0	0.274
7ben_G_I_C	0.05509523809523809	0.053	0.75
7orb_E_F_X	0.05509523809523809	0.051	0.75
