abname	sesascore	episim	absim
6xcn_B_D_A	0.338897619047619	0.28	0.639
6xcn_H_L_C	0.338897619047619	0.28	0.639
7nd4_F_G_B	0.3159791666666667	1.0	1.0
7nd4_H_L_C	0.3159791666666667	0.938	1.0
7dk4_a_b_A	0.26315496031746033	0.52	0.383
7dk4_e_f_C	0.26315496031746033	0.565	0.383
7dk7_c_d_B	0.26315496031746033	0.448	0.383
7mzj_F_E_A	0.24145238095238097	0.391	0.659
7kn3_H_L_A	0.23703787878787877	0.407	0.479
7cah_E_D_A	0.2334065476190476	0.0	0.418
7cak_E_D_A	0.2334065476190476	0.0	0.449
7cwn_E_D_B	0.2334065476190476	0.0	0.437
7cwn_H_N_C	0.2334065476190476	0.0	0.437
7e5r_L_H_A	0.2334065476190476	0.0	0.449
7e5s_L_D_B	0.2334065476190476	0.0	0.449
7kfw_C_D_B	0.23024264069264072	0.433	0.468
7k90_M_N_A	0.2243198717948718	0.286	0.623
7e5y_C_B_A	0.219118253968254	0.321	0.517
7e8f_C_B_R	0.21613214285714283	0.0	0.451
7kfv_C_D_B	0.2095235930735931	0.433	0.465
7kfv_F_G_E	0.2095235930735931	0.433	0.465
7lxz_E_D_A	0.20691944444444446	0.261	0.241
7chc_A_B_R	0.20170357142857145	0.0	0.454
7che_A_B_R	0.20170357142857145	0.0	0.454
7chh_D_E_A	0.20170357142857145	0.04	0.454
7chh_J_K_C	0.20170357142857145	0.038	0.454
6w41_H_L_C	0.20037083333333333	0.0	0.47
6xc7_H_L_A	0.20037083333333333	0.0	0.47
7a5s_H_L_A	0.20037083333333333	0.0	0.452
7r8l_C_D_E	0.20037083333333333	0.0	0.47
7dk2_A_B_C	0.19716666666666668	0.429	0.458
7dcx_A_F_C	0.1889714285714286	0.114	0.415
7dcx_E_H_K	0.1889714285714286	0.091	0.415
6xc2_H_L_A	0.18688452380952383	0.382	0.474
6xc3_B_A_C	0.18688452380952383	0.333	0.474
7bem_H_L_E	0.18644047619047618	0.406	0.3
7ra8_C_D_B	0.18608448773448777	0.077	0.292
7r8l_H_L_E	0.18441666666666667	0.481	0.441
7ld1_P_O_A	0.18177103174603176	0.091	0.44
7n5h_H_L_A	0.18127500000000002	0.0	0.325
7chf_H_L_R	0.1799940476190476	0.406	0.487
7e8c_D_E_C	0.1799940476190476	0.481	0.485
7e8c_O_Q_A	0.1799940476190476	0.414	0.485
7e8f_D_E_R	0.1799940476190476	0.448	0.487
7lq7_P_Q_A	0.17564868421052635	0.0	0.453
7lq7_y_z_E	0.17564868421052635	0.0	0.453
7wcz_a_b_A	0.1755045168067227	0.263	0.363
7wd7_a_b_A	0.1755045168067227	0.211	0.363
7l7e_C_D_b	0.17532212743396955	0.033	0.461
7l7e_E_F_G	0.17532212743396955	0.033	0.461
7e86_A_B_C	0.1741619047619048	0.344	0.472
7n8i_H_L_A	0.172963492063492	0.0	0.254
7so9_C_B_A	0.172963492063492	0.0	0.256
7soa_H_L_A	0.172963492063492	0.0	0.256
7tm0_I_H_A	0.172963492063492	0.0	0.258
7beh_H_L_E	0.17261666666666667	0.286	0.666
7nd7_F_G_B	0.17261666666666667	0.333	0.626
7nd7_J_K_C	0.17261666666666667	0.318	0.626
7pqz_A_B_E	0.17203749999999998	0.038	0.67
7kmk_I_M_B	0.17175638528138532	0.524	0.482
7kxk_I_M_B	0.17175638528138532	0.579	0.482
7r8o_H_L_B	0.17080277777777778	0.25	0.593
7r8o_M_N_E	0.17080277777777778	0.222	0.593
7sc1_M_N_B	0.1684559523809524	0.407	0.462
7q9g_E_F_B	0.1678154761904762	0.0	0.259
7eam_C_D_B	0.1672073412698413	0.0	0.384
7c01_C_D_B	0.16712380952380954	0.273	0.46
7np1_H_L_A	0.1665922619047619	0.296	0.464
7np1_I_M_B	0.1665922619047619	0.25	0.464
7np1_J_N_C	0.1665922619047619	0.379	0.464
7np1_K_O_D	0.1665922619047619	0.385	0.464
7prz_H_L_E	0.16617800324675325	0.385	0.46
7k9h_I_M_C	0.16615198412698412	0.136	0.276
7msq_H_L_A	0.16565158730158727	0.0	0.521
7bnv_H_L_A	0.163275	0.0	0.454
7mzk_N_M_B	0.16259340569561156	0.04	0.456
7czy_H_K_A	0.16256833513708513	0.273	0.358
7ps4_B_C_A	0.16235833333333333	0.0	0.694
7m3i_H_L_R	0.16180873015873015	0.0	0.701
7n3i_H_L_C	0.15991309523809524	0.429	0.45
7lab_T_S_A	0.15885833333333332	0.0	0.424
7lab_Y_X_B	0.15885833333333332	0.0	0.424
7dpm_A_B_C	0.157	0.033	0.462
7dpm_G_H_I	0.157	0.0	0.462
7dpm_J_K_L	0.157	0.034	0.462
7rkv_D_H_B	0.1566674867315347	0.0	0.598
7rkv_E_F_A	0.1566674867315347	0.0	0.598
7rkv_G_L_C	0.1566674867315347	0.0	0.598
7ps2_A_B_G	0.1563809523809524	0.417	0.448
6xc4_H_L_A	0.15619047619047619	0.357	0.452
6xc4_X_Y_Z	0.15619047619047619	0.407	0.452
6xc7_C_D_A	0.15619047619047619	0.37	0.452
7kmg_A_B_C	0.15576987179487178	0.24	0.43
7ks9_H_L_B	0.15479285714285715	0.419	0.468
7qny_A_B_E	0.1547339285714286	0.0	0.614
7l5b_H_L_A	0.1546517857142857	0.192	0.606
7bej_H_L_E	0.15446071428571428	0.343	0.475
7bek_H_L_E	0.15446071428571428	0.353	0.475
7nd6_H_L_B	0.15446071428571428	0.353	0.475
7e8c_H_L_A	0.15406666666666666	0.0	0.616
7e8f_H_L_A	0.15406666666666666	0.0	0.616
7byr_H_L_B	0.15301230158730159	0.261	0.267
7jmo_H_L_A	0.15188214285714283	0.433	0.448
7mf1_H_L_A	0.15038653846153846	0.0	0.6
7pry_C_D_I	0.1494047619047619	0.091	0.508
7bep_A_B_E	0.1490166666666667	0.238	0.498
7nd8_H_L_B	0.1490166666666667	0.238	0.498
7cdi_H_L_E	0.14832083333333332	0.393	0.46
7czt_H_L_A	0.1470267676767677	0.3	0.476
7f7e_C_L_E	0.1460904761904762	0.034	0.466
7cwt_P_M_C	0.14546051587301584	0.0	0.285
7cwu_N_G_B	0.14546051587301584	0.0	0.285
7cwu_P_I_C	0.14546051587301584	0.0	0.285
7e5r_X_S_C	0.14546051587301584	0.0	0.285
7e5s_U_Q_B	0.14546051587301584	0.0	0.285
7jx3_C_D_R	0.1445047619047619	0.5	0.627
7m6g_R_S_B	0.14400714285714283	0.036	0.438
7k8m_A_B_E	0.14337344322344325	0.462	0.45
7pqy_B_C_A	0.14170833333333333	0.393	0.475
7pqz_H_L_E	0.14170833333333333	0.393	0.475
7q0g_H_L_E	0.14170833333333333	0.31	0.475
7e3b_B_C_A	0.1408059523809524	0.0	0.42
7cm4_H_L_A	0.13880684523809522	0.435	0.497
7m42_B_A_E	0.13834285714285716	0.3	0.627
7cwn_G_F_A	0.13775833333333334	0.217	0.455
7e5r_M_U_A	0.13775833333333334	0.182	0.276
7e5r_T_V_B	0.13775833333333334	0.19	0.276
7e5s_I_K_B	0.13775833333333334	0.28	0.276
6wps_C_D_B	0.1377092261904762	0.0	0.244
6wpt_D_E_A	0.1377092261904762	0.0	0.244
7bep_H_L_E	0.1377092261904762	0.0	0.444
7jx3_A_B_R	0.1377092261904762	0.0	0.441
7l0n_C_D_S	0.1377092261904762	0.0	0.441
7tly_A_B_I	0.1377092261904762	0.0	0.292
7tn0_B_A_I	0.1377092261904762	0.0	0.441
7tn0_C_D_S	0.1377092261904762	0.0	0.441
7q9k_D_E_B	0.1375130952380952	0.04	0.448
7kzb_H_L_C	0.1369952380952381	0.0	0.459
7k9z_B_A_E	0.1366701388888889	0.286	0.454
7q9f_H_L_A	0.134825	0.0	0.433
7q9f_J_K_C	0.134825	0.0	0.433
7m6d_H_L_C	0.13480218253968254	0.37	0.452
7k8x_E_G_A	0.13432589285714286	0.174	0.633
6xkq_H_L_A	0.132452380952381	0.435	0.615
7e7y_A_B_R	0.13214444444444445	0.273	0.624
7e7y_C_D_E	0.13214444444444445	0.238	0.624
7beo_C_D_X	0.13148690476190478	0.286	0.44
7beo_H_L_R	0.13148690476190478	0.333	0.44
7nd9_H_L_B	0.13148690476190478	0.333	0.473
7ben_D_F_C	0.1308202380952381	0.333	0.44
7ben_H_L_E	0.1308202380952381	0.333	0.44
7ora_H_L_C	0.1308202380952381	0.286	0.44
7ps0_B_C_A	0.12937777777777779	0.273	0.709
7sn3_F_G_B	0.12867361111111109	0.0	0.434
7sn3_H_L_C	0.12867361111111109	0.0	0.434
7r6x_H_L_R	0.12855102813852812	0.0	0.466
7mzl_H_L_A	0.12850714285714288	0.367	0.479
7v26_a_b_A	0.12845879120879122	0.034	0.63
7v26_c_d_C	0.12845879120879122	0.067	0.63
7ch5_H_L_R	0.12843514957264957	0.379	0.449
7dk0_A_B_C	0.12696153846153846	0.214	0.58
7ps7_A_B_E	0.1268827380952381	0.143	0.707
7ps7_H_L_R	0.1268827380952381	0.19	0.707
7tas_H_L_E	0.1264	0.522	0.298
7tat_H_L_A	0.1264	0.556	0.298
7e7x_M_N_B	0.1258765873015873	0.0	0.604
7mzj_H_L_A	0.12553551587301587	0.028	0.459
7qnw_A_B_E	0.12445833333333334	0.074	0.515
7e88_A_B_C	0.12362916666666665	0.333	0.457
7e88_D_E_F	0.12362916666666665	0.37	0.457
7e88_G_H_I	0.12362916666666665	0.321	0.457
7tht_a_c_S	0.12362500000000001	0.214	0.265
7tht_H_L_C	0.12362500000000001	0.25	0.265
7s0e_H_L_A	0.12307222222222222	0.0	0.468
7czp_H_L_A	0.12301984126984128	0.542	0.534
7q6e_E_F_B	0.12278988095238097	0.0	0.436
7q6e_J_K_C	0.12278988095238097	0.0	0.436
7k9j_I_M_B	0.12242063492063492	0.0	0.252
7k9j_J_N_C	0.12242063492063492	0.0	0.252
7k9k_H_L_A	0.12242063492063492	0.0	0.252
7mzf_H_L_A	0.12191570512820513	0.387	0.457
7cdj_H_L_E	0.12175	0.269	0.461
7akd_D_E_C	0.12148749999999998	0.0	0.315
7kqe_H_L_A	0.11910873015873016	0.0	0.517
7kqe_I_N_B	0.11910873015873016	0.0	0.517
7m7b_H_L_A	0.11910873015873016	0.0	0.517
7czr_H_K_A	0.11870357142857144	0.48	0.37
7s4s_H_L_A	0.1175063492063492	0.429	0.444
7lxw_H_L_A	0.11657559523809524	0.0	0.261
6xdg_B_D_E	0.1161170634920635	0.625	0.465
7bel_A_B_R	0.11390595238095237	0.0	0.481
7bel_C_D_X	0.11390595238095237	0.0	0.481
7ora_D_E_C	0.11390595238095237	0.0	0.467
7faf_g_f_B	0.11335357142857141	0.0	0.362
7mmo_A_B_C	0.11334212454212454	0.111	0.466
7mmo_D_E_F	0.11334212454212454	0.111	0.466
7djz_A_B_C	0.11209444444444445	0.346	0.447
7f62_H_L_A	0.1119107142857143	0.409	0.36
7lss_H_L_B	0.11176236263736264	0.037	0.293
7chs_H_L_E	0.11175	0.433	0.475
7ljr_S_T_A	0.11118690476190475	0.219	0.358
7k9z_H_L_E	0.11109523809523812	0.031	0.457
6xdg_C_A_E	0.11096607142857143	0.0	0.649
7e3l_D_E_A	0.11057857142857144	0.217	0.438
7ps6_H_L_E	0.10838333333333333	0.13	0.524
7wd9_G_H_C	0.10836785714285714	0.0	0.373
7wk9_a_b_B	0.10836785714285714	0.0	0.373
7wk9_c_d_C	0.10836785714285714	0.0	0.373
7lrt_D_E_C	0.10748273809523809	0.25	0.442
7l2c_C_D_B	0.10742499999999998	0.0	0.621
7l2c_H_L_A	0.10742499999999998	0.0	0.621
7kqb_H_L_A	0.10523333333333332	0.259	0.378
7kqb_K_J_C	0.10523333333333332	0.296	0.378
6zdg_B_C_A	0.1045625	0.0	0.464
6zdh_D_F_B	0.1045625	0.0	0.464
6zdh_G_I_C	0.1045625	0.0	0.464
6zfo_B_C_A	0.1045625	0.0	0.464
7nx9_H_L_E	0.1045625	0.0	0.464
7nxa_H_L_E	0.1045625	0.0	0.464
7nxb_H_L_E	0.1045625	0.0	0.464
7qnw_H_L_E	0.1045625	0.0	0.464
7lcn_H_L_C	0.10394940476190477	0.0	0.61
7ben_G_I_C	0.10339880952380953	0.034	0.46
7orb_E_F_X	0.10339880952380953	0.033	0.46
7cwt_E_D_A	0.10221666666666668	0.154	0.246
7cyh_E_D_A	0.10221666666666668	0.167	0.246
7e5s_R_O_A	0.10221666666666668	0.182	0.413
7ly0_H_L_A	0.09356309523809522	0.0	0.256
7ly2_G_I_B	0.09356309523809522	0.0	0.256
7l7e_H_L_S	0.08268809523809523	0.3	0.43
7l7e_I_J_K	0.08268809523809523	0.4	0.43
7w9f_A_B_E	0.08108571428571427	0.227	0.315
7k8s_H_L_A	0.07828333333333333	0.2	0.453
7k8s_M_N_C	0.07828333333333333	0.174	0.453
7k8s_O_P_B	0.07828333333333333	0.25	0.453
7k8t_M_N_B	0.07828333333333333	0.125	0.453
7k8t_O_P_A	0.07828333333333333	0.172	0.453
7ej5_H_L_A	0.07559166666666665	0.227	0.358
7ej5_J_N_C	0.07559166666666665	0.2	0.358
