abname	sesascore	episim	absim
7ben_D_F_C	0.32031884920634923	0.2	0.648
7ben_H_L_E	0.32031884920634923	0.263	0.648
7ora_H_L_C	0.32031884920634923	0.211	0.648
7beo_C_D_X	0.31358551587301586	0.211	0.651
7beo_H_L_R	0.31358551587301586	0.2	0.651
7nd9_H_L_B	0.31358551587301586	0.263	0.698
7cwn_G_F_A	0.2928416666666667	0.5	0.759
7e5r_M_U_A	0.2928416666666667	0.467	0.382
7e5r_T_V_B	0.2928416666666667	0.5	0.382
7e5s_I_K_B	0.2928416666666667	0.474	0.382
7lrt_D_E_C	0.2920410714285714	0.312	0.645
7l7e_H_L_S	0.27094801587301587	0.294	0.641
7l7e_I_J_K	0.27094801587301587	0.333	0.641
7lxz_E_D_A	0.2623902310924369	0.471	0.275
7e3l_D_E_A	0.2583726190476191	0.263	0.627
7beh_H_L_E	0.250522619047619	0.533	0.502
7nd7_F_G_B	0.250522619047619	0.5	0.463
7nd7_J_K_C	0.250522619047619	0.471	0.463
7chc_A_B_R	0.24457380952380953	0.375	0.686
7che_A_B_R	0.24457380952380953	0.4	0.686
7chh_D_E_A	0.24457380952380953	0.375	0.686
7chh_J_K_C	0.24457380952380953	0.353	0.686
7e8f_C_B_R	0.24099047619047623	0.375	0.686
7ps0_B_C_A	0.2256642857142857	0.091	0.472
7cwt_E_D_A	0.21738214285714286	0.0	0.344
7cyh_E_D_A	0.21738214285714286	0.0	0.342
7e5s_R_O_A	0.21738214285714286	0.0	0.526
7wcz_a_b_A	0.21239702380952383	0.25	0.442
7wd7_a_b_A	0.21239702380952383	0.188	0.442
7k9h_I_M_C	0.19425470779220777	0.312	0.246
7ps4_B_C_A	0.18973809523809523	0.263	0.468
7e7y_A_B_R	0.18507857142857143	0.333	0.524
7e7y_C_D_E	0.18507857142857143	0.294	0.524
6xdg_B_D_E	0.1807047619047619	0.375	0.813
7kmk_I_M_B	0.17736582633053222	0.333	0.758
7kxk_I_M_B	0.17736582633053222	0.368	0.758
7kmg_A_B_C	0.17723214285714287	0.421	0.65
7pry_C_D_I	0.17720357142857146	0.0	0.645
7kqb_H_L_A	0.16917500000000002	0.579	0.569
7kqb_K_J_C	0.16917500000000002	0.55	0.569
7q9f_H_L_A	0.16840099206349207	0.0	0.643
7q9f_J_K_C	0.16840099206349207	0.0	0.643
7cwt_P_M_C	0.16624880952380952	0.0	0.264
7cwu_N_G_B	0.16624880952380952	0.0	0.264
7cwu_P_I_C	0.16624880952380952	0.0	0.264
7e5r_X_S_C	0.16624880952380952	0.0	0.262
7e5s_U_Q_B	0.16624880952380952	0.0	0.262
7k9j_I_M_B	0.15795277777777778	0.0	0.263
7k9j_J_N_C	0.15795277777777778	0.0	0.263
7k9k_H_L_A	0.15795277777777778	0.0	0.263
7f62_H_L_A	0.1577517857142857	0.08	0.513
7byr_H_L_B	0.15284047619047622	0.25	0.312
7n8i_H_L_A	0.15272916666666667	0.0	0.359
7so9_C_B_A	0.15272916666666667	0.0	0.358
7soa_H_L_A	0.15272916666666667	0.0	0.358
7tm0_I_H_A	0.15272916666666667	0.0	0.357
7bep_A_B_E	0.15245119047619052	1.0	1.0
7nd8_H_L_B	0.15245119047619052	1.0	1.0
7czy_H_K_A	0.1522660714285714	0.263	0.499
7q6e_E_F_B	0.14867182539682539	0.0	0.647
7q6e_J_K_C	0.14867182539682539	0.0	0.647
7q9k_D_E_B	0.14847188644688647	0.0	0.699
7mzk_N_M_B	0.14748095238095238	0.0	0.668
7kn3_H_L_A	0.14445128205128205	0.308	0.717
7mzj_H_L_A	0.14247857142857143	0.1	0.776
7msq_H_L_A	0.142319246031746	0.0	0.707
7lq7_P_Q_A	0.14227738095238096	0.0	0.69
7lq7_y_z_E	0.14227738095238096	0.0	0.69
7m42_B_A_E	0.1418666666666667	0.467	0.464
7k9z_H_L_E	0.1418111111111111	0.16	0.708
7ps7_A_B_E	0.1411892857142857	0.0	0.462
7ps7_H_L_R	0.1411892857142857	0.0	0.462
7sn3_F_G_B	0.14004047619047622	0.0	0.681
7sn3_H_L_C	0.14004047619047622	0.0	0.681
7l5b_H_L_A	0.139775	0.35	0.454
7ljr_S_T_A	0.1397357142857143	0.346	0.491
7s0e_H_L_A	0.1397309523809524	0.0	0.799
7w9f_A_B_E	0.13968273809523807	0.211	0.361
7jx3_C_D_R	0.1394154761904762	0.115	0.502
7k8s_H_L_A	0.13844880952380953	0.444	0.783
7k8s_M_N_C	0.13844880952380953	0.438	0.783
7k8s_O_P_B	0.13844880952380953	0.4	0.783
7k8t_M_N_B	0.13844880952380953	0.353	0.783
7k8t_O_P_A	0.13844880952380953	0.429	0.783
7prz_H_L_E	0.13842820512820514	0.143	0.715
7l7e_C_D_b	0.1372654761904762	0.125	0.703
7l7e_E_F_G	0.1372654761904762	0.125	0.703
6w41_H_L_C	0.13703511904761906	0.0	0.657
6xc7_H_L_A	0.13703511904761906	0.0	0.657
7a5s_H_L_A	0.13703511904761906	0.0	0.629
7r8l_C_D_E	0.13703511904761906	0.0	0.657
7lss_H_L_B	0.13612738095238094	0.0	0.256
7czt_H_L_A	0.1360559523809524	0.094	0.409
7cdj_H_L_E	0.1354576007326007	0.318	0.822
6xkq_H_L_A	0.13486428571428571	0.208	0.44
6xcn_B_D_A	0.13440297619047617	0.077	0.521
6xcn_H_L_C	0.13440297619047617	0.077	0.521
7dpm_A_B_C	0.13325773809523814	0.0	0.782
7dpm_G_H_I	0.13325773809523814	0.0	0.782
7dpm_J_K_L	0.13325773809523814	0.0	0.782
7faf_g_f_B	0.1329904761904762	0.087	0.521
7tht_a_c_S	0.13261666666666666	0.5	0.322
7tht_H_L_C	0.13261666666666666	0.55	0.322
7m3i_H_L_R	0.1321107142857143	0.0	0.467
7m6d_H_L_C	0.13140000000000002	0.138	0.718
7m6g_R_S_B	0.13063154761904763	0.042	0.638
7bnv_H_L_A	0.13020555555555557	0.0	0.638
7qnw_A_B_E	0.13017380952380952	0.0	0.692
7v26_a_b_A	0.1281940476190476	0.0	0.446
7v26_c_d_C	0.1281940476190476	0.0	0.446
7mmo_A_B_C	0.12787857142857142	0.0	0.531
7mmo_D_E_F	0.12787857142857142	0.0	0.531
7akd_D_E_C	0.1276904761904762	0.0	0.288
7dk0_A_B_C	0.12748333333333334	0.304	0.506
7k90_M_N_A	0.12709166666666666	0.438	0.515
6xdg_C_A_E	0.12654821428571428	0.0	0.521
7e7x_M_N_B	0.1257	0.0	0.46
7e8c_H_L_A	0.12533055555555556	0.0	0.528
7e8f_H_L_A	0.12533055555555556	0.0	0.528
7kqe_H_L_A	0.12495238095238097	0.0	0.37
7kqe_I_N_B	0.12495238095238097	0.0	0.37
7m7b_H_L_A	0.12495238095238097	0.0	0.37
7djz_A_B_C	0.12377083333333333	0.409	0.65
7k9z_B_A_E	0.12371547619047618	0.278	0.655
7ben_G_I_C	0.12306190476190479	0.04	0.751
7orb_E_F_X	0.12306190476190479	0.0	0.751
7ps6_H_L_E	0.12294999999999999	0.0	0.717
7f7e_C_L_E	0.12269642857142858	0.0	0.745
7e3b_B_C_A	0.12246666666666667	0.074	0.519
7mf1_H_L_A	0.12086785714285715	0.3	0.454
7czp_H_L_A	0.12084166666666667	0.138	0.387
7qny_A_B_E	0.12050128205128208	0.115	0.512
7ej5_H_L_A	0.12002619047619047	0.15	0.468
7ej5_J_N_C	0.12002619047619047	0.111	0.468
7lcn_H_L_C	0.11996666666666667	0.0	0.459
7r6x_H_L_R	0.11921666666666665	0.0	0.763
7cm4_H_L_A	0.11834487179487181	0.381	0.354
7tas_H_L_E	0.11753392857142858	0.348	0.32
7tat_H_L_A	0.11753392857142858	0.333	0.32
7eam_C_D_B	0.11725459956709958	0.0	0.453
7n5h_H_L_A	0.11513869047619048	0.0	0.291
7s4s_H_L_A	0.11507361111111111	0.125	0.715
7k8x_E_G_A	0.114725	0.353	0.471
7bel_A_B_R	0.1139202380952381	0.0	0.785
7bel_C_D_X	0.1139202380952381	0.0	0.785
7ora_D_E_C	0.1139202380952381	0.0	0.76
7nd4_F_G_B	0.11344285714285714	0.238	0.498
7nd4_H_L_C	0.11344285714285714	0.286	0.498
7l2c_C_D_B	0.11342500000000001	0.0	0.462
7l2c_H_L_A	0.11342500000000001	0.0	0.462
7kfv_C_D_B	0.1126111111111111	0.114	0.8
7kfv_F_G_E	0.1126111111111111	0.114	0.8
7czr_H_K_A	0.11198988095238095	0.138	0.579
7rkv_D_H_B	0.11020833333333334	0.0	0.508
7rkv_E_F_A	0.11020833333333334	0.0	0.508
7rkv_G_L_C	0.11020833333333334	0.0	0.508
7mzf_H_L_A	0.11007440476190475	0.114	0.77
7e86_A_B_C	0.10990416666666665	0.182	0.768
7c01_C_D_B	0.10968214285714287	0.118	0.773
7ps2_A_B_G	0.10914583333333332	0.2	0.719
7e5y_C_B_A	0.10865	0.138	0.668
7mzl_H_L_A	0.10849960317460318	0.233	0.646
7jmo_H_L_A	0.1076329365079365	0.114	0.709
7n3i_H_L_C	0.10666309523809524	0.125	0.73
7lab_T_S_A	0.1042779761904762	0.0	0.617
7lab_Y_X_B	0.1042779761904762	0.0	0.617
7cah_E_D_A	0.10223551587301587	0.0	0.444
7cak_E_D_A	0.10223551587301587	0.0	0.624
7cwn_E_D_B	0.10223551587301587	0.0	0.603
7cwn_H_N_C	0.10223551587301587	0.0	0.603
7e5r_L_H_A	0.10223551587301587	0.0	0.624
7e5s_L_D_B	0.10223551587301587	0.0	0.624
7lxw_H_L_A	0.10219166666666667	0.0	0.299
7r8l_H_L_E	0.10206785714285714	0.125	0.7
7chs_H_L_E	0.10036666666666667	0.114	0.782
7ks9_H_L_B	0.10032777777777778	0.111	0.785
6zdg_B_C_A	0.09975	0.0	0.786
6zdh_D_F_B	0.09975	0.0	0.786
6zdh_G_I_C	0.09975	0.0	0.786
6zfo_B_C_A	0.09975	0.0	0.786
7nx9_H_L_E	0.09975	0.0	0.786
7nxa_H_L_E	0.09975	0.0	0.786
7nxb_H_L_E	0.09975	0.0	0.786
7qnw_H_L_E	0.09975	0.0	0.786
7bem_H_L_E	0.09953035714285714	0.108	0.412
7r8o_H_L_B	0.09854652014652016	0.476	0.44
7r8o_M_N_E	0.09854652014652016	0.45	0.44
7kzb_H_L_C	0.09847936507936508	0.0	0.763
7dk4_a_b_A	0.09597916666666666	0.308	0.462
7dk4_e_f_C	0.09597916666666666	0.333	0.462
7dk7_c_d_B	0.09597916666666666	0.267	0.462
7k8m_A_B_E	0.09552380952380954	0.133	0.715
7mzj_F_E_A	0.09520595238095239	0.167	0.537
7ra8_C_D_B	0.0940642857142857	0.0	0.266
7pqy_B_C_A	0.09395238095238094	0.167	0.783
7pqz_H_L_E	0.09395238095238094	0.167	0.783
7q0g_H_L_E	0.09395238095238094	0.172	0.783
7bej_H_L_E	0.09053214285714287	0.103	0.766
7bek_H_L_E	0.09053214285714287	0.105	0.766
7nd6_H_L_B	0.09053214285714287	0.105	0.766
7pqz_A_B_E	0.08596749084249083	0.0	0.517
6xc2_H_L_A	0.08589880952380952	0.103	0.778
6xc3_B_A_C	0.08589880952380952	0.081	0.778
7dk2_A_B_C	0.08483333333333334	0.161	0.792
6wps_C_D_B	0.08452380952380951	0.0	0.273
6wpt_D_E_A	0.08452380952380951	0.0	0.273
7bep_H_L_E	0.08452380952380951	0.0	0.639
7jx3_A_B_R	0.08452380952380951	0.0	0.635
7l0n_C_D_S	0.08452380952380951	0.0	0.635
7tly_A_B_I	0.08452380952380951	0.0	0.462
7tn0_B_A_I	0.08452380952380951	0.0	0.635
7tn0_C_D_S	0.08452380952380951	0.0	0.635
7np1_H_L_A	0.08416130952380954	0.148	0.772
7np1_I_M_B	0.08416130952380954	0.148	0.772
7np1_J_N_C	0.08416130952380954	0.125	0.772
7np1_K_O_D	0.08416130952380954	0.143	0.772
7ch5_H_L_R	0.08327046703296705	0.125	0.719
7cdi_H_L_E	0.08241904761904763	0.129	0.716
7kfw_C_D_B	0.08111944444444442	0.147	0.793
7dcx_A_F_C	0.08063333333333332	0.0	0.466
7dcx_E_H_K	0.08063333333333332	0.048	0.466
7ly0_H_L_A	0.0804875	0.0	0.308
7ly2_G_I_B	0.0804875	0.0	0.308
7e88_A_B_C	0.0794404761904762	0.103	0.761
7e88_D_E_F	0.0794404761904762	0.138	0.761
7e88_G_H_I	0.0794404761904762	0.1	0.761
7wd9_G_H_C	0.07918560606060608	0.0	0.436
7wk9_a_b_B	0.07918560606060608	0.0	0.436
7wk9_c_d_C	0.07918560606060608	0.0	0.436
6xc4_H_L_A	0.07488095238095238	0.133	0.727
6xc4_X_Y_Z	0.07488095238095238	0.133	0.727
6xc7_C_D_A	0.07488095238095238	0.138	0.727
7sc1_M_N_B	0.0711125	0.133	0.773
7ld1_P_O_A	0.06375833333333332	0.0	0.646
7chf_H_L_R	0.06345079365079366	0.108	0.783
7e8c_D_E_C	0.06345079365079366	0.125	0.781
7e8c_O_Q_A	0.06345079365079366	0.121	0.781
7e8f_D_E_R	0.06345079365079366	0.118	0.783
7q9g_E_F_B	0.044875	0.028	0.336
