abname	sesascore	episim	absim
6xc4_H_L_A	0.25235039682539684	0.72	0.788
6xc4_X_Y_Z	0.25235039682539684	0.654	0.788
6xc7_C_D_A	0.25235039682539684	0.75	0.788
7k8m_A_B_E	0.22740873015873017	0.72	0.784
7cdi_H_L_E	0.2257543650793651	0.833	0.791
7lxz_E_D_A	0.20213170995670998	0.133	0.29
7pqy_B_C_A	0.19394166666666668	0.692	0.839
7pqz_H_L_E	0.19394166666666668	0.692	0.839
7q0g_H_L_E	0.19394166666666668	0.72	0.839
7n3i_H_L_C	0.1883904761904762	0.667	0.79
7s4s_H_L_A	0.18593134920634924	0.731	0.788
7ps4_B_C_A	0.1839805555555556	0.0	0.488
7jmo_H_L_A	0.1788323412698413	0.6	0.785
7beh_H_L_E	0.17855674603174607	0.143	0.468
7nd7_F_G_B	0.17855674603174607	0.138	0.486
7nd7_J_K_C	0.17855674603174607	0.133	0.486
6xcn_B_D_A	0.17739484126984129	0.609	0.563
6xcn_H_L_C	0.17739484126984129	0.609	0.563
7e86_A_B_C	0.1728263888888889	0.6	0.868
7q6e_E_F_B	0.17275357142857142	0.0	0.689
7q6e_J_K_C	0.17275357142857142	0.0	0.689
7wd9_G_H_C	0.1709170634920635	0.0	0.462
7wk9_a_b_B	0.1709170634920635	0.0	0.462
7wk9_c_d_C	0.1709170634920635	0.0	0.462
7ch5_H_L_R	0.1707059523809524	0.731	0.786
7bem_H_L_E	0.17004404761904765	0.562	0.453
7mzj_F_E_A	0.16944880952380956	0.542	0.554
7r8l_H_L_E	0.16697380952380955	0.667	0.765
7m42_B_A_E	0.1596960317460317	0.148	0.484
7f62_H_L_A	0.15860793650793653	0.091	0.521
7v26_a_b_A	0.15773273809523808	0.0	0.446
7v26_c_d_C	0.15773273809523808	0.0	0.446
7e7y_A_B_R	0.1545674603174603	0.32	0.557
7e7y_C_D_E	0.1545674603174603	0.24	0.557
7czp_H_L_A	0.15297857142857144	0.235	0.375
7e7x_M_N_B	0.15019285714285716	0.0	0.475
7k9j_I_M_B	0.1497607142857143	0.0	0.282
7k9j_J_N_C	0.1497607142857143	0.0	0.282
7k9k_H_L_A	0.1497607142857143	0.0	0.282
7q9g_E_F_B	0.14941269841269844	0.0	0.39
7c01_C_D_B	0.14822579365079366	0.679	0.868
7q9f_H_L_A	0.14755000000000001	0.0	0.681
7q9f_J_K_C	0.14755000000000001	0.0	0.681
7r6x_H_L_R	0.14639761904761905	0.0	0.835
7e5y_C_B_A	0.14551329365079366	0.826	0.722
7sn3_F_G_B	0.14518809523809523	0.0	0.677
7sn3_H_L_C	0.14518809523809523	0.0	0.677
7czy_H_K_A	0.14515833333333336	0.435	0.494
7beo_C_D_X	0.14487380952380952	0.391	0.674
7beo_H_L_R	0.14487380952380952	0.375	0.674
7nd9_H_L_B	0.14487380952380952	0.435	0.649
7s0e_H_L_A	0.14484821428571432	0.0	0.821
7cdj_H_L_E	0.14419042207792207	0.118	0.834
6xc2_H_L_A	0.1438468253968254	0.625	0.864
6xc3_B_A_C	0.1438468253968254	0.531	0.864
7ben_D_F_C	0.14312380952380951	0.375	0.677
7ben_H_L_E	0.14312380952380951	0.435	0.677
7ora_H_L_C	0.14312380952380951	0.391	0.677
7m6d_H_L_C	0.14258452380952383	0.826	0.781
7bej_H_L_E	0.14235595238095244	0.576	0.846
7bek_H_L_E	0.14235595238095244	0.594	0.846
7nd6_H_L_B	0.14235595238095244	0.594	0.846
7jx3_C_D_R	0.14188849206349208	0.152	0.538
7ks9_H_L_B	0.14063888888888892	0.531	0.852
7ps0_B_C_A	0.14029166666666668	0.1	0.49
7dk0_A_B_C	0.1390952380952381	0.083	0.547
7sc1_M_N_B	0.13774126984126986	0.536	0.82
7pry_C_D_I	0.13555416666666667	0.036	0.674
7akd_D_E_C	0.13533055555555557	0.0	0.292
7cwn_G_F_A	0.13508452380952382	0.1	0.825
7e5r_M_U_A	0.13508452380952382	0.069	0.426
7e5r_T_V_B	0.13508452380952382	0.071	0.426
7e5s_I_K_B	0.13508452380952382	0.121	0.426
7e3l_D_E_A	0.1342607142857143	0.32	0.661
7k9z_H_L_E	0.13418214285714286	0.0	0.752
7m6g_R_S_B	0.13341984126984127	0.0	0.676
7tht_a_c_S	0.13334713203463205	0.083	0.354
7tht_H_L_C	0.13334713203463205	0.111	0.354
7mzj_H_L_A	0.1332583333333333	0.0	0.811
7ljr_S_T_A	0.13237478354978355	0.1	0.469
7rkv_D_H_B	0.13208571428571428	0.0	0.526
7rkv_E_F_A	0.13208571428571428	0.0	0.526
7rkv_G_L_C	0.13208571428571428	0.0	0.526
7kqe_H_L_A	0.13206666666666667	0.0	0.363
7kqe_I_N_B	0.13206666666666667	0.0	0.363
7m7b_H_L_A	0.13206666666666667	0.0	0.363
7kmk_I_M_B	0.131625	0.423	0.818
7kxk_I_M_B	0.131625	0.296	0.818
7m3i_H_L_R	0.13106428571428572	0.0	0.482
7cah_E_D_A	0.1301690476190476	0.0	0.471
7cak_E_D_A	0.1301690476190476	0.0	0.662
7cwn_E_D_B	0.1301690476190476	0.0	0.639
7cwn_H_N_C	0.1301690476190476	0.0	0.639
7e5r_L_H_A	0.1301690476190476	0.0	0.662
7e5s_L_D_B	0.1301690476190476	0.0	0.662
7byr_H_L_B	0.12937380952380953	0.097	0.353
7e8f_C_B_R	0.12929523809523813	0.0	0.728
7bep_A_B_E	0.12831904761904764	0.148	0.772
7nd8_H_L_B	0.12831904761904764	0.148	0.772
7e3b_B_C_A	0.1279952380952381	0.0	0.508
7r8o_H_L_B	0.12797738095238098	0.111	0.458
7r8o_M_N_E	0.12797738095238098	0.086	0.458
7ps7_A_B_E	0.12684166666666666	0.036	0.472
7ps7_H_L_R	0.12684166666666666	0.034	0.472
6xkq_H_L_A	0.12625833333333336	0.31	0.454
7e88_A_B_C	0.12582911255411255	0.708	0.836
7e88_D_E_F	0.12582911255411255	0.75	0.836
7e88_G_H_I	0.12582911255411255	0.68	0.836
7ps6_H_L_E	0.1252916666666667	0.033	0.748
7mzk_N_M_B	0.1251988095238095	0.0	0.673
7mzf_H_L_A	0.12450714285714289	0.655	0.862
7l2c_C_D_B	0.12337202380952379	0.0	0.479
7l2c_H_L_A	0.12337202380952379	0.0	0.479
7l5b_H_L_A	0.12303571428571429	0.091	0.466
7chs_H_L_E	0.12290000000000002	0.6	0.853
7cwt_P_M_C	0.12247500000000001	0.0	0.276
7cwu_N_G_B	0.12247500000000001	0.0	0.276
7cwu_P_I_C	0.12247500000000001	0.0	0.276
7e5r_X_S_C	0.12247500000000001	0.0	0.276
7e5s_U_Q_B	0.12247500000000001	0.0	0.276
7lrt_D_E_C	0.12243095238095239	0.364	0.671
6xdg_B_D_E	0.12238333333333332	0.24	0.82
7q9k_D_E_B	0.12237500000000001	0.033	0.735
7cwt_E_D_A	0.12176666666666666	0.029	0.373
7cyh_E_D_A	0.12176666666666666	0.031	0.373
7e5s_R_O_A	0.12176666666666666	0.033	0.566
7l7e_H_L_S	0.12110573593073591	0.292	0.661
7l7e_I_J_K	0.12110573593073591	0.32	0.661
7lcn_H_L_C	0.12102380952380953	0.0	0.481
7chf_H_L_R	0.12012222222222223	0.613	0.85
7e8c_D_E_C	0.12012222222222223	0.667	0.844
7e8c_O_Q_A	0.12012222222222223	0.586	0.844
7e8f_D_E_R	0.12012222222222223	0.621	0.842
7kmg_A_B_C	0.11964404761904762	0.091	0.699
7kfw_C_D_B	0.11878750000000002	0.548	0.857
7n8i_H_L_A	0.11791818181818184	0.0	0.383
7so9_C_B_A	0.11791818181818184	0.0	0.382
7soa_H_L_A	0.11791818181818184	0.0	0.382
7tm0_I_H_A	0.11791818181818184	0.0	0.384
6w41_H_L_C	0.11785535714285715	0.0	0.693
6xc7_H_L_A	0.11785535714285715	0.0	0.693
7a5s_H_L_A	0.11785535714285715	0.0	0.632
7r8l_C_D_E	0.11785535714285715	0.0	0.693
7k9h_I_M_C	0.1168441919191919	0.071	0.267
7k8x_E_G_A	0.11598670634920633	0.067	0.484
7np1_H_L_A	0.11593968253968254	0.905	1.0
7np1_I_M_B	0.11593968253968254	1.0	1.0
7np1_J_N_C	0.11593968253968254	0.8	1.0
7np1_K_O_D	0.11593968253968254	0.783	1.0
7mzl_H_L_A	0.11466190476190477	0.394	0.635
7kqb_H_L_A	0.11461071428571426	0.147	0.577
7kqb_K_J_C	0.11461071428571426	0.143	0.577
7mmo_A_B_C	0.11385873015873015	0.0	0.556
7mmo_D_E_F	0.11385873015873015	0.0	0.556
7chc_A_B_R	0.11383690476190478	0.0	0.728
7che_A_B_R	0.11383690476190478	0.0	0.728
7chh_D_E_A	0.11383690476190478	0.0	0.728
7chh_J_K_C	0.11383690476190478	0.0	0.728
7qnw_A_B_E	0.11280079365079365	0.0	0.728
7pqz_A_B_E	0.1125527777777778	0.0	0.546
7lss_H_L_B	0.11251517857142858	0.0	0.263
7tas_H_L_E	0.11213214285714286	0.212	0.325
7tat_H_L_A	0.11213214285714286	0.222	0.325
7dcx_A_F_C	0.11137142857142857	0.023	0.491
7dcx_E_H_K	0.11137142857142857	0.293	0.491
7eam_C_D_B	0.11089166666666668	0.0	0.486
7kfv_C_D_B	0.11055833333333336	0.6	0.864
7kfv_F_G_E	0.11055833333333336	0.6	0.864
7k9z_B_A_E	0.11038928571428573	0.333	0.692
6xdg_C_A_E	0.11038392857142856	0.0	0.55
7n5h_H_L_A	0.10962857142857144	0.086	0.312
7f7e_C_L_E	0.10908392857142858	0.0	0.807
7k8s_H_L_A	0.10821904761904763	0.094	0.849
7k8s_M_N_C	0.10821904761904763	0.103	0.849
7k8s_O_P_B	0.10821904761904763	0.111	0.849
7k8t_M_N_B	0.10821904761904763	0.032	0.849
7k8t_O_P_A	0.10821904761904763	0.114	0.849
7wcz_a_b_A	0.10752500000000001	0.208	0.463
7wd7_a_b_A	0.10752500000000001	0.273	0.463
7e8c_H_L_A	0.1057779761904762	0.0	0.528
7e8f_H_L_A	0.1057779761904762	0.0	0.528
7djz_A_B_C	0.10560357142857144	0.176	0.679
7mf1_H_L_A	0.10539880952380952	0.0	0.488
7k90_M_N_A	0.10480357142857143	0.143	0.562
7czr_H_K_A	0.10460853174603175	0.615	0.597
7cm4_H_L_A	0.10454583333333334	0.188	0.342
7czt_H_L_A	0.10251190476190478	0.419	0.417
7faf_g_f_B	0.1023611111111111	0.0	0.501
7lxw_H_L_A	0.10214285714285715	0.0	0.319
7kn3_H_L_A	0.10182857142857143	0.303	0.773
7msq_H_L_A	0.10181309523809524	0.0	0.727
7bel_A_B_R	0.1013904761904762	0.0	0.774
7bel_C_D_X	0.1013904761904762	0.0	0.774
7ora_D_E_C	0.1013904761904762	0.0	0.787
7ps2_A_B_G	0.10124880952380953	0.3	0.729
7kzb_H_L_C	0.10072936507936507	0.0	0.816
7prz_H_L_E	0.10057440476190475	0.323	0.742
7nd4_F_G_B	0.0978904761904762	0.25	0.464
7nd4_H_L_C	0.0978904761904762	0.241	0.464
6zdg_B_C_A	0.0975125	0.0	0.853
6zdh_D_F_B	0.0975125	0.0	0.853
6zdh_G_I_C	0.0975125	0.0	0.853
6zfo_B_C_A	0.0975125	0.0	0.853
7nx9_H_L_E	0.0975125	0.0	0.853
7nxa_H_L_E	0.0975125	0.0	0.853
7nxb_H_L_E	0.0975125	0.0	0.853
7qnw_H_L_E	0.0975125	0.0	0.853
7ly0_H_L_A	0.09649880952380953	0.0	0.331
7ly2_G_I_B	0.09649880952380953	0.0	0.331
7ej5_H_L_A	0.09446785714285715	0.333	0.46
7ej5_J_N_C	0.09446785714285715	0.261	0.46
7dpm_A_B_C	0.09407142857142857	0.0	0.829
7dpm_G_H_I	0.09407142857142857	0.0	0.829
7dpm_J_K_L	0.09407142857142857	0.0	0.829
7l7e_C_D_b	0.092375	0.0	0.74
7l7e_E_F_G	0.092375	0.0	0.74
7qny_A_B_E	0.08975833333333334	0.0	0.519
7ra8_C_D_B	0.08839999999999999	0.0	0.278
7w9f_A_B_E	0.08774166666666666	0.391	0.358
7dk2_A_B_C	0.086875	0.5	0.833
7lab_T_S_A	0.08468214285714284	0.0	0.645
7lab_Y_X_B	0.08468214285714284	0.0	0.645
7dk4_a_b_A	0.08196666666666667	0.265	0.482
7dk4_e_f_C	0.08196666666666667	0.242	0.482
7dk7_c_d_B	0.08196666666666667	0.237	0.482
7bnv_H_L_A	0.07899285714285713	0.031	0.692
7lq7_P_Q_A	0.07840000000000001	0.05	0.716
7lq7_y_z_E	0.07840000000000001	0.051	0.716
7ld1_P_O_A	0.07478511904761904	0.108	0.679
7ben_G_I_C	0.06324285714285714	0.0	0.785
7orb_E_F_X	0.06324285714285714	0.0	0.785
6wps_C_D_B	0.04893035714285715	0.0	0.298
6wpt_D_E_A	0.04893035714285715	0.0	0.298
7bep_H_L_E	0.04893035714285715	0.0	0.674
7jx3_A_B_R	0.04893035714285715	0.0	0.673
7l0n_C_D_S	0.04893035714285715	0.0	0.673
7tly_A_B_I	0.04893035714285715	0.0	0.496
7tn0_B_A_I	0.04893035714285715	0.0	0.673
7tn0_C_D_S	0.04893035714285715	0.0	0.673
