abname	sesascore	episim	absim
6zdg_B_C_A	0.3802392857142857	0.692	1.0
6zdh_D_F_B	0.3802392857142857	0.667	1.0
6zdh_G_I_C	0.3802392857142857	0.586	1.0
6zfo_B_C_A	0.3802392857142857	0.72	1.0
7nx9_H_L_E	0.3802392857142857	1.0	1.0
7nxa_H_L_E	0.3802392857142857	0.909	1.0
7nxb_H_L_E	0.3802392857142857	0.826	1.0
7qnw_H_L_E	0.3802392857142857	0.654	1.0
6w41_H_L_C	0.3021464285714286	0.5	0.681
6xc7_H_L_A	0.3021464285714286	0.577	0.681
7a5s_H_L_A	0.3021464285714286	0.379	0.616
7r8l_C_D_E	0.3021464285714286	0.481	0.681
7f62_H_L_A	0.18447103174603174	0.0	0.519
7r6x_H_L_R	0.17274166666666668	0.68	0.854
7czy_H_K_A	0.16786964285714284	0.0	0.504
7q9f_H_L_A	0.16563055555555556	0.0	0.681
7q9f_J_K_C	0.16563055555555556	0.0	0.681
7mzk_N_M_B	0.1654577380952381	0.0	0.698
7wd9_G_H_C	0.15932261904761907	0.0	0.477
7wk9_a_b_B	0.15932261904761907	0.0	0.477
7wk9_c_d_C	0.15932261904761907	0.0	0.477
7djz_A_B_C	0.15888750000000001	0.0	0.689
6xdg_B_D_E	0.15856666666666666	0.0	0.835
7dpm_A_B_C	0.15826428571428575	0.121	0.832
7dpm_G_H_I	0.15826428571428575	0.125	0.832
7dpm_J_K_L	0.15826428571428575	0.125	0.832
7ps4_B_C_A	0.1576107142857143	0.0	0.488
7wcz_a_b_A	0.1558494047619048	0.0	0.461
7wd7_a_b_A	0.1558494047619048	0.0	0.461
7q6e_E_F_B	0.15435357142857145	0.0	0.699
7q6e_J_K_C	0.15435357142857145	0.0	0.699
7rkv_D_H_B	0.1510538961038961	0.452	0.571
7rkv_E_F_A	0.1510538961038961	0.406	0.571
7rkv_G_L_C	0.1510538961038961	0.467	0.571
7kqb_H_L_A	0.15045357142857146	0.0	0.6
7kqb_K_J_C	0.15045357142857146	0.0	0.6
7mzj_H_L_A	0.14896666666666666	0.0	0.818
7kn3_H_L_A	0.148775	0.0	0.78
7cwt_E_D_A	0.14862539682539683	0.0	0.365
7cyh_E_D_A	0.14862539682539683	0.0	0.365
7e5s_R_O_A	0.14862539682539683	0.0	0.556
7m3i_H_L_R	0.14655975274725275	0.3	0.482
7mzj_F_E_A	0.14476666666666668	0.0	0.562
7ks9_H_L_B	0.14421190476190474	0.0	0.848
7k8x_E_G_A	0.14403095238095237	0.0	0.489
7k90_M_N_A	0.14318214285714287	0.0	0.56
7kmk_I_M_B	0.14108571428571431	0.0	0.833
7kxk_I_M_B	0.14108571428571431	0.0	0.833
7faf_g_f_B	0.14043333333333333	0.0	0.503
7tht_a_c_S	0.1391404761904762	0.0	0.357
7tht_H_L_C	0.1391404761904762	0.0	0.357
7k9j_I_M_B	0.13821428571428573	0.0	0.275
7k9j_J_N_C	0.13821428571428573	0.0	0.275
7k9k_H_L_A	0.13821428571428573	0.0	0.275
7prz_H_L_E	0.13821369047619048	0.0	0.798
7cwn_G_F_A	0.13763750000000002	0.0	0.88
7e5r_M_U_A	0.13763750000000002	0.0	0.47
7e5r_T_V_B	0.13763750000000002	0.0	0.47
7e5s_I_K_B	0.13763750000000002	0.0	0.47
7k9z_B_A_E	0.13730833333333334	0.0	0.688
7byr_H_L_B	0.13704821428571426	0.0	0.337
7ld1_P_O_A	0.13660952380952385	0.2	0.688
7czt_H_L_A	0.13610952380952382	0.0	0.442
7cm4_H_L_A	0.13563472222222225	0.0	0.358
7lcn_H_L_C	0.13481666666666667	0.0	0.472
7l5b_H_L_A	0.13226785714285716	0.0	0.473
7cdj_H_L_E	0.13179761904761905	0.0	0.834
7ps0_B_C_A	0.13143988095238096	0.0	0.48
7msq_H_L_A	0.13112916666666666	0.152	0.714
7m6g_R_S_B	0.13026507936507936	0.0	0.679
7pqz_A_B_E	0.1302452380952381	0.0	0.593
7e7x_M_N_B	0.1301732142857143	0.0	0.478
7lrt_D_E_C	0.12901984126984126	0.0	0.681
7pqy_B_C_A	0.12887678571428574	0.0	0.831
7pqz_H_L_E	0.12887678571428574	0.0	0.831
7q0g_H_L_E	0.12887678571428574	0.0	0.831
7mf1_H_L_A	0.12847916666666667	0.0	0.488
7mmo_A_B_C	0.1282107142857143	0.0	0.57
7mmo_D_E_F	0.1282107142857143	0.0	0.57
7e8c_H_L_A	0.12803333333333333	0.0	0.53
7e8f_H_L_A	0.12803333333333333	0.0	0.53
7s0e_H_L_A	0.12776904761904764	0.0	0.855
7qny_A_B_E	0.12755746753246755	0.0	0.527
7pry_C_D_I	0.12724166666666667	0.0	0.668
6xc4_H_L_A	0.1269202380952381	0.0	0.78
6xc4_X_Y_Z	0.1269202380952381	0.0	0.78
6xc7_C_D_A	0.1269202380952381	0.0	0.78
7bem_H_L_E	0.12677738095238095	0.0	0.43
7mzl_H_L_A	0.12628630952380954	0.0	0.644
7k9z_H_L_E	0.12611904761904763	0.0	0.752
7kmg_A_B_C	0.12585833333333332	0.0	0.709
7cah_E_D_A	0.12529523809523807	0.182	0.474
7cak_E_D_A	0.12529523809523807	0.176	0.662
7cwn_E_D_B	0.12529523809523807	0.312	0.639
7cwn_H_N_C	0.12529523809523807	0.312	0.639
7e5r_L_H_A	0.12529523809523807	0.167	0.662
7e5s_L_D_B	0.12529523809523807	0.29	0.662
7bnv_H_L_A	0.12523333333333334	0.0	0.67
7sn3_F_G_B	0.12481011904761904	0.276	0.724
7sn3_H_L_C	0.12481011904761904	0.241	0.724
7ben_D_F_C	0.12434166666666667	0.0	0.684
7ben_H_L_E	0.12434166666666667	0.0	0.684
7ora_H_L_C	0.12434166666666667	0.0	0.684
7n3i_H_L_C	0.12415714285714285	0.0	0.783
7czr_H_K_A	0.12411250000000001	0.0	0.594
7e86_A_B_C	0.1239904761904762	0.0	0.86
7e8f_C_B_R	0.12331607142857143	0.0	0.752
7n8i_H_L_A	0.12324166666666668	0.0	0.412
7so9_C_B_A	0.12324166666666668	0.0	0.411
7soa_H_L_A	0.12324166666666668	0.0	0.411
7tm0_I_H_A	0.12324166666666668	0.0	0.414
7m42_B_A_E	0.12315595238095237	0.0	0.492
7ps2_A_B_G	0.12297857142857142	0.0	0.777
7c01_C_D_B	0.12223095238095236	0.0	0.86
7nd4_F_G_B	0.12210297619047622	0.0	0.464
7nd4_H_L_C	0.12210297619047622	0.0	0.464
6xcn_B_D_A	0.12140238095238097	0.0	0.561
6xcn_H_L_C	0.12140238095238097	0.0	0.561
7dk0_A_B_C	0.12116666666666667	0.0	0.537
7beo_C_D_X	0.12105833333333334	0.0	0.684
7beo_H_L_R	0.12105833333333334	0.0	0.684
7nd9_H_L_B	0.12105833333333334	0.0	0.652
7beh_H_L_E	0.12105	0.0	0.468
7nd7_F_G_B	0.12105	0.0	0.486
7nd7_J_K_C	0.12105	0.0	0.486
7akd_D_E_C	0.12055714285714285	0.0	0.287
7chs_H_L_E	0.11908095238095238	0.0	0.845
7l2c_C_D_B	0.11887083333333334	0.0	0.487
7l2c_H_L_A	0.11887083333333334	0.0	0.487
7ch5_H_L_R	0.11862083333333333	0.0	0.783
7cdi_H_L_E	0.11859166666666666	0.0	0.776
7v26_a_b_A	0.11826616161616164	0.0	0.463
7v26_c_d_C	0.11826616161616164	0.0	0.463
7lss_H_L_B	0.11823293650793651	0.0	0.27
7lab_T_S_A	0.1167904761904762	0.0	0.655
7lab_Y_X_B	0.1167904761904762	0.0	0.655
7l7e_C_D_b	0.11674107142857143	0.0	0.757
7l7e_E_F_G	0.11674107142857143	0.0	0.757
7chc_A_B_R	0.11652857142857143	0.0	0.752
7che_A_B_R	0.11652857142857143	0.0	0.752
7chh_D_E_A	0.11652857142857143	0.0	0.752
7chh_J_K_C	0.11652857142857143	0.0	0.752
7k8s_H_L_A	0.11601944444444443	0.0	0.916
7k8s_M_N_C	0.11601944444444443	0.0	0.916
7k8s_O_P_B	0.11601944444444443	0.0	0.916
7k8t_M_N_B	0.11601944444444443	0.0	0.916
7k8t_O_P_A	0.11601944444444443	0.0	0.916
7k8m_A_B_E	0.115675	0.0	0.788
7jmo_H_L_A	0.11561269841269839	0.0	0.775
7e3l_D_E_A	0.11546428571428571	0.0	0.667
7lxz_E_D_A	0.11513095238095238	0.0	0.298
7bep_A_B_E	0.11503690476190477	0.0	0.786
7nd8_H_L_B	0.11503690476190477	0.0	0.786
6xkq_H_L_A	0.11496071428571429	0.0	0.454
7r8l_H_L_E	0.11475714285714285	0.0	0.751
7dk2_A_B_C	0.11415595238095239	0.0	0.864
7ben_G_I_C	0.11409404761904762	0.0	0.844
7orb_E_F_X	0.11409404761904762	0.0	0.844
7bel_A_B_R	0.11380595238095238	0.024	0.843
7bel_C_D_X	0.11380595238095238	0.025	0.843
7ora_D_E_C	0.11380595238095238	0.024	0.867
7kfv_C_D_B	0.11378809523809526	0.0	0.864
7kfv_F_G_E	0.11378809523809526	0.0	0.864
7ps7_A_B_E	0.11369526862026863	0.0	0.477
7ps7_H_L_R	0.11369526862026863	0.0	0.477
7s4s_H_L_A	0.1131404761904762	0.0	0.767
7l7e_H_L_S	0.11241507936507937	0.0	0.67
7l7e_I_J_K	0.11241507936507937	0.0	0.67
7kzb_H_L_C	0.11234107142857143	0.414	0.827
7ljr_S_T_A	0.11227619047619046	0.0	0.475
7f7e_C_L_E	0.11185476190476193	0.0	0.815
7np1_H_L_A	0.11178492063492064	0.0	0.853
7np1_I_M_B	0.11178492063492064	0.0	0.853
7np1_J_N_C	0.11178492063492064	0.0	0.853
7np1_K_O_D	0.11178492063492064	0.0	0.853
7e5y_C_B_A	0.10963035714285715	0.0	0.712
7czp_H_L_A	0.10942857142857143	0.0	0.375
7qnw_A_B_E	0.1088788961038961	0.0	0.711
7tas_H_L_E	0.10878253968253966	0.0	0.344
7tat_H_L_A	0.10878253968253966	0.0	0.344
7ps6_H_L_E	0.10866190476190477	0.0	0.754
7kqe_H_L_A	0.10853988095238096	0.31	0.361
7kqe_I_N_B	0.10853988095238096	0.345	0.361
7m7b_H_L_A	0.10853988095238096	0.241	0.361
7m6d_H_L_C	0.10758988095238094	0.0	0.767
7mzf_H_L_A	0.10739107142857143	0.0	0.843
7ly0_H_L_A	0.10722857142857142	0.0	0.361
7ly2_G_I_B	0.10722857142857142	0.0	0.361
7q9k_D_E_B	0.10654761904761903	0.0	0.749
7sc1_M_N_B	0.10648035714285714	0.0	0.831
7e7y_A_B_R	0.1063392857142857	0.0	0.546
7e7y_C_D_E	0.1063392857142857	0.0	0.546
7e3b_B_C_A	0.10629166666666667	0.0	0.506
7lxw_H_L_A	0.1062	0.0	0.343
7n5h_H_L_A	0.10585	0.345	0.302
7jx3_C_D_R	0.10563928571428571	0.0	0.53
7e88_A_B_C	0.1054625	0.0	0.829
7e88_D_E_F	0.1054625	0.0	0.829
7e88_G_H_I	0.1054625	0.0	0.829
7ra8_C_D_B	0.1049744047619048	0.172	0.278
7k9h_I_M_C	0.10343630952380954	0.0	0.258
6xdg_C_A_E	0.10328531746031747	0.0	0.589
7dcx_A_F_C	0.1032	0.184	0.486
7dcx_E_H_K	0.1032	0.2	0.486
7lq7_P_Q_A	0.10025833333333334	0.483	0.736
7lq7_y_z_E	0.10025833333333334	0.448	0.736
7kfw_C_D_B	0.09972142857142857	0.0	0.857
7cwt_P_M_C	0.09901250000000002	0.0	0.274
7cwu_N_G_B	0.09901250000000002	0.0	0.274
7cwu_P_I_C	0.09901250000000002	0.0	0.274
7e5r_X_S_C	0.09901250000000002	0.0	0.274
7e5s_U_Q_B	0.09901250000000002	0.0	0.274
6wps_C_D_B	0.09849583333333335	0.0	0.301
6wpt_D_E_A	0.09849583333333335	0.0	0.301
7bep_H_L_E	0.09849583333333335	0.0	0.686
7jx3_A_B_R	0.09849583333333335	0.0	0.683
7l0n_C_D_S	0.09849583333333335	0.0	0.683
7tly_A_B_I	0.09849583333333335	0.0	0.505
7tn0_B_A_I	0.09849583333333335	0.0	0.683
7tn0_C_D_S	0.09849583333333335	0.0	0.683
7bej_H_L_E	0.09713333333333332	0.0	0.831
7bek_H_L_E	0.09713333333333332	0.0	0.831
7nd6_H_L_B	0.09713333333333332	0.0	0.831
7r8o_H_L_B	0.09657619047619047	0.0	0.458
7r8o_M_N_E	0.09657619047619047	0.0	0.458
6xc2_H_L_A	0.09443333333333333	0.0	0.848
6xc3_B_A_C	0.09443333333333333	0.0	0.848
7chf_H_L_R	0.09100119047619046	0.0	0.835
7e8c_D_E_C	0.09100119047619046	0.0	0.833
7e8c_O_Q_A	0.09100119047619046	0.0	0.833
7e8f_D_E_R	0.09100119047619046	0.0	0.835
7q9g_E_F_B	0.09042499999999999	0.0	0.367
7eam_C_D_B	0.08673333333333333	0.0	0.481
7dk4_a_b_A	0.08635119047619048	0.0	0.48
7dk4_e_f_C	0.08635119047619048	0.0	0.48
7dk7_c_d_B	0.08635119047619048	0.0	0.48
7w9f_A_B_E	0.08126249999999999	0.0	0.36
7ej5_H_L_A	0.0787875	0.0	0.462
7ej5_J_N_C	0.0787875	0.0	0.462
