abname	sesascore	episim	absim
7dk4_a_b_A	0.3053904761904762	0.333	0.483
7dk4_e_f_C	0.3053904761904762	0.355	0.483
7dk7_c_d_B	0.3053904761904762	0.333	0.483
7lq7_P_Q_A	0.30160454545454546	0.024	0.667
7lq7_y_z_E	0.30160454545454546	0.024	0.667
7dk2_A_B_C	0.268197619047619	0.438	0.768
7cah_E_D_A	0.2352572812846069	0.083	0.464
7cak_E_D_A	0.2352572812846069	0.081	0.652
7cwn_E_D_B	0.2352572812846069	0.024	0.629
7cwn_H_N_C	0.2352572812846069	0.024	0.629
7e5r_L_H_A	0.2352572812846069	0.061	0.652
7e5s_L_D_B	0.2352572812846069	0.026	0.652
7cdi_H_L_E	0.22550357142857144	0.452	0.76
7dcx_A_F_C	0.22491011904761904	0.125	0.482
7dcx_E_H_K	0.22491011904761904	0.2	0.482
7sc1_M_N_B	0.21145952380952382	0.517	0.743
6xc2_H_L_A	0.20707499999999998	0.559	0.772
6xc3_B_A_C	0.20707499999999998	0.562	0.772
7bem_H_L_E	0.20275	0.5	0.388
7kmk_I_M_B	0.20224061461794018	0.357	0.755
7kxk_I_M_B	0.20224061461794018	0.286	0.755
7pqy_B_C_A	0.19585357142857146	0.406	0.774
7pqz_H_L_E	0.19585357142857146	0.406	0.774
7q0g_H_L_E	0.19585357142857146	0.419	0.774
7e86_A_B_C	0.19264107142857145	0.485	0.779
7n3i_H_L_C	0.19165297619047622	0.484	0.756
7n5h_H_L_A	0.1903892857142857	0.054	0.3
7ra8_C_D_B	0.19035714285714286	0.062	0.272
7chf_H_L_R	0.18815416666666668	0.5	0.763
7e8c_D_E_C	0.18815416666666668	0.438	0.761
7e8c_O_Q_A	0.18815416666666668	0.469	0.761
7e8f_D_E_R	0.18815416666666668	0.5	0.763
7bel_A_B_R	0.1855156746031746	0.0	0.79
7bel_C_D_X	0.1855156746031746	0.0	0.79
7ora_D_E_C	0.1855156746031746	0.0	0.807
7jmo_H_L_A	0.18526607142857146	0.581	0.755
6zdg_B_C_A	0.18388228021978023	0.0	0.798
6zdh_D_F_B	0.18388228021978023	0.0	0.798
6zdh_G_I_C	0.18388228021978023	0.0	0.798
6zfo_B_C_A	0.18388228021978023	0.0	0.798
7nx9_H_L_E	0.18388228021978023	0.0	0.798
7nxa_H_L_E	0.18388228021978023	0.0	0.798
7nxb_H_L_E	0.18388228021978023	0.0	0.798
7qnw_H_L_E	0.18388228021978023	0.0	0.798
7r8l_H_L_E	0.18352142857142859	0.438	0.725
6xc4_H_L_A	0.1820696428571429	0.467	0.747
6xc4_X_Y_Z	0.1820696428571429	0.517	0.747
6xc7_C_D_A	0.1820696428571429	0.433	0.747
6xcn_B_D_A	0.17934404761904763	0.357	0.532
6xcn_H_L_C	0.17934404761904763	0.357	0.532
7msq_H_L_A	0.179175	0.086	0.647
7ps4_B_C_A	0.1787125	0.0	0.499
7m3i_H_L_R	0.17667284798534796	0.054	0.469
6wps_C_D_B	0.17595833333333333	0.0	0.291
6wpt_D_E_A	0.17595833333333333	0.0	0.291
7bep_H_L_E	0.17595833333333333	0.0	0.667
7jx3_A_B_R	0.17595833333333333	0.0	0.663
7l0n_C_D_S	0.17595833333333333	0.0	0.663
7tly_A_B_I	0.17595833333333333	0.0	0.486
7tn0_B_A_I	0.17595833333333333	0.0	0.663
7tn0_C_D_S	0.17595833333333333	0.0	0.663
7ld1_P_O_A	0.17555892857142857	0.105	0.729
7kfv_C_D_B	0.17532619047619047	0.531	0.762
7kfv_F_G_E	0.17532619047619047	0.531	0.762
7dpm_A_B_C	0.17527261904761907	0.088	0.748
7dpm_G_H_I	0.17527261904761907	0.059	0.748
7dpm_J_K_L	0.17527261904761907	0.059	0.748
7q6e_E_F_B	0.1742428571428572	0.0	0.685
7q6e_J_K_C	0.1742428571428572	0.0	0.685
7ch5_H_L_R	0.17279761904761903	0.438	0.756
7nd4_F_G_B	0.16820082417582413	0.385	0.46
7nd4_H_L_C	0.16820082417582413	0.37	0.46
7bnv_H_L_A	0.1678309523809524	0.03	0.672
7r6x_H_L_R	0.16759075198057755	0.0	0.763
6w41_H_L_C	0.16546845238095237	0.0	0.759
6xc7_H_L_A	0.16546845238095237	0.0	0.759
7a5s_H_L_A	0.16546845238095237	0.0	0.684
7r8l_C_D_E	0.16546845238095237	0.0	0.759
7bej_H_L_E	0.1654559523809524	0.514	0.759
7bek_H_L_E	0.1654559523809524	0.486	0.759
7nd6_H_L_B	0.1654559523809524	0.486	0.759
7kfw_C_D_B	0.16538055555555556	0.531	0.755
7mf1_H_L_A	0.1633452380952381	0.029	0.458
7ks9_H_L_B	0.16182678571428574	0.562	0.768
7lab_T_S_A	0.16132857142857143	0.0	0.629
7lab_Y_X_B	0.16132857142857143	0.0	0.629
7c01_C_D_B	0.1610952380952381	0.455	0.742
7rkv_D_H_B	0.16089047619047617	0.047	0.563
7rkv_E_F_A	0.16089047619047617	0.047	0.563
7rkv_G_L_C	0.16089047619047617	0.048	0.563
7k8m_A_B_E	0.1596446428571429	0.419	0.748
7e88_A_B_C	0.1577083333333333	0.355	0.75
7e88_D_E_F	0.1577083333333333	0.387	0.75
7e88_G_H_I	0.1577083333333333	0.387	0.75
7l5b_H_L_A	0.15649285714285716	0.194	0.455
7m6d_H_L_C	0.15400099206349205	0.433	0.748
7e8c_H_L_A	0.1535	0.0	0.534
7e8f_H_L_A	0.1535	0.0	0.534
7k90_M_N_A	0.15324880952380954	0.222	0.529
7s4s_H_L_A	0.15296666666666667	0.438	0.751
7e5y_C_B_A	0.15251666666666666	0.387	0.698
7r8o_H_L_B	0.14802023809523812	0.242	0.464
7r8o_M_N_E	0.14802023809523812	0.219	0.464
7byr_H_L_B	0.14764880952380952	0.207	0.302
7qnw_A_B_E	0.14745000000000003	0.167	0.669
7e3b_B_C_A	0.147125	0.0	0.493
7kmg_A_B_C	0.14669358974358976	0.156	0.639
7lxz_E_D_A	0.14608214285714288	0.207	0.291
7np1_H_L_A	0.1442488095238095	0.367	0.742
7np1_I_M_B	0.1442488095238095	0.323	0.742
7np1_J_N_C	0.1442488095238095	0.438	0.742
7np1_K_O_D	0.1442488095238095	0.448	0.742
7q9g_E_F_B	0.1442	0.0	0.358
7l7e_C_D_b	0.14371190476190476	0.057	0.808
7l7e_E_F_G	0.14371190476190476	0.057	0.808
7cm4_H_L_A	0.14338750000000003	0.345	0.361
7czr_H_K_A	0.1413301282051282	0.483	0.55
7wd9_G_H_C	0.14115416666666664	0.0	0.463
7wk9_a_b_B	0.14115416666666664	0.0	0.463
7wk9_c_d_C	0.14115416666666664	0.0	0.463
7k8x_E_G_A	0.14113035714285713	0.138	0.48
7n8i_H_L_A	0.1385047619047619	0.0	0.368
7so9_C_B_A	0.1385047619047619	0.0	0.368
7soa_H_L_A	0.1385047619047619	0.0	0.368
7tm0_I_H_A	0.1385047619047619	0.0	0.37
7s0e_H_L_A	0.13720833333333335	0.0	0.778
7ben_G_I_C	0.13677619047619047	0.091	0.779
7orb_E_F_X	0.13677619047619047	0.121	0.779
7kn3_H_L_A	0.13667121212121214	0.294	0.856
7m6g_R_S_B	0.13643452380952378	0.061	0.669
7cdj_H_L_E	0.1362197802197802	0.182	0.745
7tht_a_c_S	0.1356757326007326	0.143	0.302
7tht_H_L_C	0.1356757326007326	0.171	0.302
7qny_A_B_E	0.13366805555555553	0.0	0.504
7dk0_A_B_C	0.13341071428571427	0.143	0.527
7djz_A_B_C	0.1323	0.242	0.669
7pqz_A_B_E	0.1321690476190476	0.0	0.585
7ps2_A_B_G	0.13147738095238093	0.667	0.864
7mzl_H_L_A	0.13058214285714287	0.469	0.628
6xdg_B_D_E	0.1300904761904762	0.28	0.743
7akd_D_E_C	0.1300488095238095	0.0	0.285
7sn3_F_G_B	0.13001666666666664	0.0	0.704
7sn3_H_L_C	0.13001666666666664	0.0	0.704
7mzj_H_L_A	0.12995521978021976	0.049	0.738
7jx3_C_D_R	0.12992083333333335	0.393	0.526
7f62_H_L_A	0.12913882783882782	0.48	0.503
7mzk_N_M_B	0.128347601010101	0.0	0.744
7wcz_a_b_A	0.12743133116883118	0.154	0.481
7wd7_a_b_A	0.12743133116883118	0.16	0.481
7czy_H_K_A	0.1270910533910534	0.308	0.525
7mzj_F_E_A	0.1266113095238095	0.407	0.541
7e7y_A_B_R	0.12473154761904763	0.172	0.53
7e7y_C_D_E	0.12473154761904763	0.103	0.53
7bep_A_B_E	0.12326785714285714	0.143	0.715
7nd8_H_L_B	0.12326785714285714	0.143	0.715
7cwn_G_F_A	0.12254285714285715	0.133	0.763
7e5r_M_U_A	0.12254285714285715	0.103	0.387
7e5r_T_V_B	0.12254285714285715	0.107	0.387
7e5s_I_K_B	0.12254285714285715	0.152	0.387
7pry_C_D_I	0.12252573260073259	0.111	0.658
7beh_H_L_E	0.12247380952380953	0.222	0.45
7nd7_F_G_B	0.12247380952380953	0.259	0.467
7nd7_J_K_C	0.12247380952380953	0.25	0.467
7f7e_C_L_E	0.12215238095238097	0.0	0.738
7mzf_H_L_A	0.12032142857142858	0.441	0.753
7q9f_H_L_A	0.12004478021978021	0.0	0.674
7q9f_J_K_C	0.12004478021978021	0.0	0.674
7faf_g_f_B	0.11989642857142857	0.0	0.467
7prz_H_L_E	0.11953311688311691	1.0	1.0
7k9z_H_L_E	0.11910906593406594	0.054	0.693
7l2c_C_D_B	0.11876607142857144	0.0	0.468
7l2c_H_L_A	0.11876607142857144	0.0	0.468
6xdg_C_A_E	0.11873571428571428	0.0	0.572
7beo_C_D_X	0.11865489926739926	0.222	0.667
7beo_H_L_R	0.11865489926739926	0.214	0.667
7nd9_H_L_B	0.11865489926739926	0.259	0.639
7chs_H_L_E	0.1183	0.531	0.772
7kqe_H_L_A	0.1182077380952381	0.027	0.362
7kqe_I_N_B	0.1182077380952381	0.026	0.362
7m7b_H_L_A	0.1182077380952381	0.029	0.362
7e3l_D_E_A	0.11819186507936508	0.172	0.648
7kzb_H_L_C	0.11767857142857142	0.025	0.743
7kqb_H_L_A	0.11760000000000001	0.212	0.544
7kqb_K_J_C	0.11760000000000001	0.206	0.544
7ben_D_F_C	0.11715489926739926	0.214	0.667
7ben_H_L_E	0.11715489926739926	0.259	0.667
7ora_H_L_C	0.11715489926739926	0.222	0.667
7ps0_B_C_A	0.1161095238095238	0.259	0.466
7ljr_S_T_A	0.11588333333333332	0.154	0.464
7czp_H_L_A	0.11478333333333332	0.483	0.365
7k9z_B_A_E	0.1146154761904762	0.179	0.75
6xkq_H_L_A	0.11339960317460317	0.3	0.453
7ly0_H_L_A	0.11150357142857144	0.0	0.349
7ly2_G_I_B	0.11150357142857144	0.0	0.349
7tas_H_L_E	0.11093452380952382	0.323	0.331
7tat_H_L_A	0.11093452380952382	0.308	0.331
7czt_H_L_A	0.11068214285714287	0.364	0.425
7e8f_C_B_R	0.11038333333333336	0.0	0.74
7v26_a_b_A	0.10888214285714287	0.0	0.45
7v26_c_d_C	0.10888214285714287	0.0	0.45
7k8s_H_L_A	0.10871785714285714	0.161	0.784
7k8s_M_N_C	0.10871785714285714	0.179	0.784
7k8s_O_P_B	0.10871785714285714	0.192	0.784
7k8t_M_N_B	0.10871785714285714	0.138	0.784
7k8t_O_P_A	0.10871785714285714	0.176	0.784
7mmo_A_B_C	0.10785833333333332	0.029	0.562
7mmo_D_E_F	0.10785833333333332	0.029	0.562
7l7e_H_L_S	0.10774478021978022	0.185	0.651
7l7e_I_J_K	0.10774478021978022	0.214	0.651
7lxw_H_L_A	0.10758498168498169	0.0	0.337
7chc_A_B_R	0.10541666666666667	0.0	0.744
7che_A_B_R	0.10541666666666667	0.0	0.744
7chh_D_E_A	0.10541666666666667	0.0	0.744
7chh_J_K_C	0.10541666666666667	0.0	0.744
7ps7_A_B_E	0.10469844322344322	0.111	0.476
7ps7_H_L_R	0.10469844322344322	0.148	0.476
7eam_C_D_B	0.10411547619047619	0.0	0.462
7m42_B_A_E	0.10317083333333334	0.231	0.47
7lrt_D_E_C	0.10197996031746033	0.192	0.664
7ps6_H_L_E	0.1019077380952381	0.103	0.677
7cwt_P_M_C	0.10081428571428572	0.0	0.274
7cwu_N_G_B	0.10081428571428572	0.0	0.274
7cwu_P_I_C	0.10081428571428572	0.0	0.274
7e5r_X_S_C	0.10081428571428572	0.0	0.274
7e5s_U_Q_B	0.10081428571428572	0.0	0.274
7q9k_D_E_B	0.10068214285714286	0.032	0.663
7k9j_I_M_B	0.10025158730158729	0.0	0.268
7k9j_J_N_C	0.10025158730158729	0.0	0.268
7k9k_H_L_A	0.10025158730158729	0.0	0.268
7w9f_A_B_E	0.09993928571428572	0.179	0.362
7ej5_H_L_A	0.09558571428571427	0.1	0.477
7ej5_J_N_C	0.09558571428571427	0.111	0.477
7lss_H_L_B	0.09533379120879122	0.0	0.261
7k9h_I_M_C	0.09339166666666668	0.192	0.265
7e7x_M_N_B	0.08800224358974358	0.0	0.469
7lcn_H_L_C	0.08569404761904763	0.0	0.463
7cwt_E_D_A	0.08375714285714285	0.091	0.34
7cyh_E_D_A	0.08375714285714285	0.097	0.34
7e5s_R_O_A	0.08375714285714285	0.103	0.523
