abname	sesascore	episim	absim
7ben_D_F_C	0.32105952380952385	0.045	0.452
7ben_H_L_E	0.32105952380952385	0.045	0.452
7ora_H_L_C	0.32105952380952385	0.048	0.452
7beo_C_D_X	0.2994380952380953	0.048	0.452
7beo_H_L_R	0.2994380952380953	0.045	0.452
7nd9_H_L_B	0.2994380952380953	0.045	0.433
7lrt_D_E_C	0.2708015873015873	0.0	0.454
7pry_C_D_I	0.2551517857142857	0.727	0.565
7l7e_H_L_S	0.24822480158730162	0.05	0.444
7l7e_I_J_K	0.24822480158730162	0.045	0.444
7ps0_B_C_A	0.2397720238095238	0.769	0.752
7lcn_H_L_C	0.22363750000000002	0.0	0.636
7ps6_H_L_E	0.22063452380952378	0.615	0.56
7e3l_D_E_A	0.21982797619047617	0.045	0.45
7kmk_I_M_B	0.21003333333333332	0.08	0.481
7kxk_I_M_B	0.21003333333333332	0.087	0.481
7cwt_P_M_C	0.18953095238095238	0.0	0.259
7cwu_N_G_B	0.18953095238095238	0.0	0.259
7cwu_P_I_C	0.18953095238095238	0.0	0.259
7e5r_X_S_C	0.18953095238095238	0.0	0.259
7e5s_U_Q_B	0.18953095238095238	0.0	0.259
7cwt_E_D_A	0.18385992063492063	0.471	0.259
7cyh_E_D_A	0.18385992063492063	0.533	0.259
7e5s_R_O_A	0.18385992063492063	0.5	0.433
7beh_H_L_E	0.18314158496732028	0.1	0.622
7nd7_F_G_B	0.18314158496732028	0.095	0.652
7nd7_J_K_C	0.18314158496732028	0.143	0.652
7e7y_A_B_R	0.17576130952380956	0.0	0.632
7e7y_C_D_E	0.17576130952380956	0.0	0.632
7e8f_C_B_R	0.16041587301587298	0.05	0.464
7chc_A_B_R	0.1597738095238095	0.105	0.466
7che_A_B_R	0.1597738095238095	0.053	0.466
7chh_D_E_A	0.1597738095238095	0.105	0.466
7chh_J_K_C	0.1597738095238095	0.048	0.466
7wcz_a_b_A	0.1556392857142857	0.0	0.375
7wd7_a_b_A	0.1556392857142857	0.0	0.375
7jx3_C_D_R	0.15407797619047622	0.474	0.632
7v26_a_b_A	0.14710482295482294	0.25	0.66
7v26_c_d_C	0.14710482295482294	0.286	0.66
7ps4_B_C_A	0.14388293650793652	0.045	0.646
7czt_H_L_A	0.1419345238095238	0.172	0.475
7kmg_A_B_C	0.14185887445887446	0.083	0.425
7faf_g_f_B	0.14171250000000002	0.143	0.339
7mzk_N_M_B	0.14145496031746033	0.167	0.459
7akd_D_E_C	0.14000714285714283	0.0	0.347
7f62_H_L_A	0.1386535714285714	0.3	0.353
7k9h_I_M_C	0.13817857142857143	0.111	0.269
7kqe_H_L_A	0.13725257936507937	0.0	0.52
7kqe_I_N_B	0.13725257936507937	0.0	0.52
7m7b_H_L_A	0.13725257936507937	0.0	0.52
7czp_H_L_A	0.13639361471861472	0.231	0.546
7dpm_A_B_C	0.13531190476190477	0.04	0.47
7dpm_G_H_I	0.13531190476190477	0.0	0.47
7dpm_J_K_L	0.13531190476190477	0.042	0.47
7msq_H_L_A	0.1344642857142857	0.0	0.542
7bep_A_B_E	0.1336642857142857	0.0	0.462
7nd8_H_L_B	0.1336642857142857	0.0	0.462
7m42_B_A_E	0.13238095238095238	0.105	0.647
7w9f_A_B_E	0.13159047619047617	0.0	0.305
6xdg_B_D_E	0.13046666666666668	0.05	0.493
6xcn_B_D_A	0.12997023809523806	0.08	0.657
6xcn_H_L_C	0.12997023809523806	0.08	0.657
7byr_H_L_B	0.12748333333333334	0.263	0.248
7m3i_H_L_R	0.12709761904761904	0.0	0.793
7ps7_A_B_E	0.12596190476190475	0.9	1.0
7ps7_H_L_R	0.12596190476190475	1.0	1.0
7djz_A_B_C	0.12572261904761908	0.111	0.464
7mmo_A_B_C	0.12513299755799756	0.316	0.482
7mmo_D_E_F	0.12513299755799756	0.316	0.482
7rkv_D_H_B	0.12482380952380953	0.0	0.613
7rkv_E_F_A	0.12482380952380953	0.0	0.613
7rkv_G_L_C	0.12482380952380953	0.0	0.613
7f7e_C_L_E	0.12392857142857144	0.136	0.47
7lss_H_L_B	0.12358974358974358	0.278	0.29
7tht_a_c_S	0.12311071428571427	0.115	0.248
7tht_H_L_C	0.12311071428571427	0.111	0.248
7e7x_M_N_B	0.12304837662337663	0.0	0.629
7lxz_E_D_A	0.12276190476190477	0.143	0.254
7k8s_H_L_A	0.12128571428571429	0.087	0.48
7k8s_M_N_C	0.12128571428571429	0.1	0.48
7k8s_O_P_B	0.12128571428571429	0.111	0.48
7k8t_M_N_B	0.12128571428571429	0.048	0.48
7k8t_O_P_A	0.12128571428571429	0.115	0.48
7ej5_H_L_A	0.1196952380952381	0.0	0.35
7ej5_J_N_C	0.1196952380952381	0.0	0.35
7k9z_H_L_E	0.11936666666666668	0.037	0.465
7ljr_S_T_A	0.1192904761904762	0.097	0.34
7l2c_C_D_B	0.11704166666666667	0.0	0.635
7l2c_H_L_A	0.11704166666666667	0.0	0.635
7bnv_H_L_A	0.11682500000000001	0.0	0.478
7prz_H_L_E	0.11665634920634918	0.148	0.476
7qny_A_B_E	0.11644294871794872	0.037	0.677
7czy_H_K_A	0.11594166666666667	0.045	0.356
7q9f_H_L_A	0.11539285714285714	0.0	0.449
7q9f_J_K_C	0.11539285714285714	0.0	0.449
6w41_H_L_C	0.11514166666666667	0.0	0.473
6xc7_H_L_A	0.11514166666666667	0.0	0.473
7a5s_H_L_A	0.11514166666666667	0.0	0.435
7r8l_C_D_E	0.11514166666666667	0.0	0.473
7qnw_A_B_E	0.11452738095238095	0.263	0.55
7sn3_F_G_B	0.11442792207792207	0.0	0.445
7sn3_H_L_C	0.11442792207792207	0.0	0.445
6xdg_C_A_E	0.11354940476190477	0.267	0.664
7k9j_I_M_B	0.11291666666666664	0.05	0.251
7k9j_J_N_C	0.11291666666666664	0.048	0.251
7k9k_H_L_A	0.11291666666666664	0.043	0.251
7n8i_H_L_A	0.11256249999999998	0.0	0.26
7so9_C_B_A	0.11256249999999998	0.0	0.262
7soa_H_L_A	0.11256249999999998	0.0	0.262
7tm0_I_H_A	0.11256249999999998	0.0	0.264
7cdj_H_L_E	0.1121745670995671	0.273	0.485
7e3b_B_C_A	0.11192261904761905	0.037	0.423
7mzj_H_L_A	0.11185277777777779	0.143	0.467
7cwn_G_F_A	0.11183333333333331	0.045	0.475
7e5r_M_U_A	0.11183333333333331	0.05	0.287
7e5r_T_V_B	0.11183333333333331	0.053	0.287
7e5s_I_K_B	0.11183333333333331	0.08	0.287
7q9k_D_E_B	0.11146746031746031	0.05	0.463
7l7e_C_D_b	0.11096031746031747	0.238	0.466
7l7e_E_F_G	0.11096031746031747	0.238	0.466
7mzf_H_L_A	0.11075932539682541	0.118	0.48
7k9z_B_A_E	0.10986547619047618	0.048	0.467
6xkq_H_L_A	0.10932499999999999	0.217	0.617
7k8x_E_G_A	0.10891666666666666	0.1	0.624
7cm4_H_L_A	0.10796190476190476	0.12	0.463
7kqb_H_L_A	0.10620238095238095	0.074	0.377
7kqb_K_J_C	0.10620238095238095	0.071	0.377
7s4s_H_L_A	0.10592440476190475	0.167	0.471
7pqz_A_B_E	0.1058095238095238	0.158	0.649
7s0e_H_L_A	0.10572992424242424	0.0	0.492
7mzj_F_E_A	0.10567857142857143	0.08	0.638
7m6d_H_L_C	0.10528611111111111	0.067	0.467
7ps2_A_B_G	0.10497121212121212	0.208	0.463
7kfv_C_D_B	0.10368214285714285	0.152	0.479
7kfv_F_G_E	0.10368214285714285	0.152	0.479
7mf1_H_L_A	0.10357380952380951	0.042	0.628
7c01_C_D_B	0.10300833333333333	0.057	0.473
7np1_H_L_A	0.10184166666666665	0.071	0.472
7np1_I_M_B	0.10184166666666665	0.034	0.472
7np1_J_N_C	0.10184166666666665	0.094	0.472
7np1_K_O_D	0.10184166666666665	0.107	0.472
7bem_H_L_E	0.10092857142857144	0.143	0.306
7m6g_R_S_B	0.10088630952380953	0.263	0.462
7tas_H_L_E	0.10075833333333335	0.2	0.273
7tat_H_L_A	0.10075833333333335	0.15	0.273
7e5y_C_B_A	0.10069523809523809	0.067	0.484
7mzl_H_L_A	0.10045555555555555	0.125	0.516
7lq7_P_Q_A	0.10038095238095239	0.0	0.464
7lq7_y_z_E	0.10038095238095239	0.0	0.464
7n5h_H_L_A	0.09932440476190475	0.0	0.351
7q6e_E_F_B	0.09893730158730159	0.0	0.457
7q6e_J_K_C	0.09893730158730159	0.0	0.457
7dk0_A_B_C	0.09784285714285715	0.16	0.604
7l5b_H_L_A	0.09740714285714284	0.182	0.61
7e86_A_B_C	0.09733690476190476	0.118	0.481
7ben_G_I_C	0.09730357142857143	0.19	0.464
7orb_E_F_X	0.09730357142857143	0.182	0.464
7chs_H_L_E	0.09641666666666668	0.152	0.476
7lab_T_S_A	0.09634166666666667	0.0	0.443
7lab_Y_X_B	0.09634166666666667	0.0	0.443
7eam_C_D_B	0.09627043650793651	0.0	0.369
7ks9_H_L_B	0.0958952380952381	0.147	0.49
7r6x_H_L_R	0.09572619047619048	0.0	0.48
7cah_E_D_A	0.09550357142857142	0.0	0.428
7cak_E_D_A	0.09550357142857142	0.0	0.462
7cwn_E_D_B	0.09550357142857142	0.0	0.449
7cwn_H_N_C	0.09550357142857142	0.0	0.449
7e5r_L_H_A	0.09550357142857142	0.0	0.462
7e5s_L_D_B	0.09550357142857142	0.0	0.462
7r8o_H_L_B	0.09534175824175821	0.2	0.611
7r8o_M_N_E	0.09534175824175821	0.217	0.611
7ly0_H_L_A	0.09391329365079365	0.0	0.331
7ly2_G_I_B	0.09391329365079365	0.0	0.331
7kzb_H_L_C	0.09248630952380953	0.0	0.477
6zdg_B_C_A	0.09189880952380952	0.0	0.477
6zdh_D_F_B	0.09189880952380952	0.0	0.477
6zdh_G_I_C	0.09189880952380952	0.0	0.477
6zfo_B_C_A	0.09189880952380952	0.0	0.477
7nx9_H_L_E	0.09189880952380952	0.0	0.477
7nxa_H_L_E	0.09189880952380952	0.0	0.477
7nxb_H_L_E	0.09189880952380952	0.0	0.477
7qnw_H_L_E	0.09189880952380952	0.0	0.477
6wps_C_D_B	0.091125	0.0	0.257
6wpt_D_E_A	0.091125	0.0	0.257
7bep_H_L_E	0.091125	0.0	0.459
7jx3_A_B_R	0.091125	0.0	0.456
7l0n_C_D_S	0.091125	0.0	0.456
7tly_A_B_I	0.091125	0.0	0.304
7tn0_B_A_I	0.091125	0.0	0.456
7tn0_C_D_S	0.091125	0.0	0.456
7jmo_H_L_A	0.09025714285714286	0.118	0.465
7e88_A_B_C	0.08985238095238096	0.069	0.48
7e88_D_E_F	0.08985238095238096	0.067	0.48
7e88_G_H_I	0.08985238095238096	0.067	0.48
7ch5_H_L_R	0.08964464285714285	0.061	0.486
7lxw_H_L_A	0.08964166666666666	0.0	0.295
7kn3_H_L_A	0.08934235347985348	0.179	0.478
7bel_A_B_R	0.08928214285714285	0.0	0.463
7bel_C_D_X	0.08928214285714285	0.0	0.463
7ora_D_E_C	0.08928214285714285	0.0	0.473
7k90_M_N_A	0.08791550116550116	0.1	0.639
7dk2_A_B_C	0.0865642857142857	0.167	0.488
7pqy_B_C_A	0.0840845238095238	0.097	0.489
7pqz_H_L_E	0.0840845238095238	0.097	0.489
7q0g_H_L_E	0.0840845238095238	0.1	0.489
6xc4_H_L_A	0.08329404761904761	0.031	0.49
6xc4_X_Y_Z	0.08329404761904761	0.065	0.49
6xc7_C_D_A	0.08329404761904761	0.032	0.49
7bej_H_L_E	0.08255357142857143	0.105	0.474
7bek_H_L_E	0.08255357142857143	0.108	0.474
7nd6_H_L_B	0.08255357142857143	0.108	0.474
7r8l_H_L_E	0.08179166666666665	0.129	0.458
7sc1_M_N_B	0.07976428571428572	0.065	0.475
7e8c_H_L_A	0.07749583333333332	0.0	0.685
7e8f_H_L_A	0.07749583333333332	0.0	0.685
7k8m_A_B_E	0.07718690476190476	0.1	0.482
7ld1_P_O_A	0.07675	0.069	0.45
7n3i_H_L_C	0.07503333333333333	0.129	0.472
7nd4_F_G_B	0.07457783882783883	0.19	0.707
7nd4_H_L_C	0.07457783882783883	0.182	0.707
6xc2_H_L_A	0.0725202380952381	0.135	0.476
6xc3_B_A_C	0.0725202380952381	0.114	0.476
7ra8_C_D_B	0.07164166666666666	0.045	0.269
7kfw_C_D_B	0.071425	0.152	0.477
7czr_H_K_A	0.07123333333333332	0.143	0.373
7wd9_G_H_C	0.06849722222222222	0.0	0.37
7wk9_a_b_B	0.06849722222222222	0.0	0.37
7wk9_c_d_C	0.06849722222222222	0.0	0.37
7dcx_A_F_C	0.06838260073260072	0.133	0.426
7dcx_E_H_K	0.06838260073260072	0.024	0.426
7cdi_H_L_E	0.06831249999999998	0.097	0.475
7dk4_a_b_A	0.06665476190476191	0.179	0.392
7dk4_e_f_C	0.06665476190476191	0.107	0.392
7dk7_c_d_B	0.06665476190476191	0.194	0.392
7chf_H_L_R	0.06531190476190475	0.143	0.486
7e8c_D_E_C	0.06531190476190475	0.167	0.485
7e8c_O_Q_A	0.06531190476190475	0.2	0.485
7e8f_D_E_R	0.06531190476190475	0.156	0.486
7q9g_E_F_B	0.052461904761904765	0.0	0.285
