abname	sesascore	episim	absim
7pqy_B_C_A	0.5843857142857142	0.75	0.789
7pqz_H_L_E	0.5843857142857142	0.69	0.789
7q0g_H_L_E	0.5843857142857142	0.714	0.789
7cdi_H_L_E	0.5503333333333333	0.885	0.908
6xc4_H_L_A	0.4808534447821682	0.714	0.912
6xc4_X_Y_Z	0.4808534447821682	0.714	0.912
6xc7_C_D_A	0.4808534447821682	0.741	0.912
7bem_H_L_E	0.43717261904761906	0.774	0.422
7sc1_M_N_B	0.40791547619047624	0.6	0.789
7q9g_E_F_B	0.3999777777777778	0.0	0.448
7chf_H_L_R	0.3953285714285714	0.774	0.819
7e8c_D_E_C	0.3953285714285714	0.852	0.82
7e8c_O_Q_A	0.3953285714285714	0.821	0.82
7e8f_D_E_R	0.3953285714285714	0.857	0.819
7k8m_A_B_E	0.3923958333333334	0.846	0.903
7n3i_H_L_C	0.37287500000000007	0.786	0.897
7e86_A_B_C	0.3714178571428571	0.71	0.821
6xc2_H_L_A	0.3663077380952381	0.781	0.817
6xc3_B_A_C	0.3663077380952381	0.688	0.817
7jmo_H_L_A	0.3647946428571429	0.767	0.892
7kmk_I_M_B	0.34609166666666663	0.448	0.763
7kxk_I_M_B	0.34609166666666663	0.333	0.763
7r8l_H_L_E	0.3340208333333333	0.852	0.875
7kfw_C_D_B	0.3134494047619047	0.767	0.814
7bej_H_L_E	0.2994440476190476	0.727	0.793
7bek_H_L_E	0.2994440476190476	0.75	0.793
7nd6_H_L_B	0.2994440476190476	0.75	0.793
7kfv_C_D_B	0.28424940476190474	0.828	0.821
7kfv_F_G_E	0.28424940476190474	0.828	0.821
7ch5_H_L_R	0.28136468253968255	0.786	0.902
6xcn_B_D_A	0.2726926587301587	0.615	0.559
6xcn_H_L_C	0.2726926587301587	0.615	0.559
7c01_C_D_B	0.2702527777777778	0.677	0.796
7np1_H_L_A	0.24132499999999998	0.8	0.788
7np1_I_M_B	0.24132499999999998	0.731	0.788
7np1_J_N_C	0.24132499999999998	0.786	0.788
7np1_K_O_D	0.24132499999999998	0.84	0.788
7e5y_C_B_A	0.23735773809523808	0.808	0.728
7m6d_H_L_C	0.23531071428571426	0.88	0.904
7s4s_H_L_A	0.2147940476190476	1.0	1.0
7dk4_a_b_A	0.20863551587301588	0.371	0.475
7dk4_e_f_C	0.20863551587301588	0.314	0.475
7dk7_c_d_B	0.20863551587301588	0.333	0.475
7q6e_E_F_B	0.2037059523809524	0.0	0.752
7q6e_J_K_C	0.2037059523809524	0.0	0.752
7m6g_R_S_B	0.2032160714285714	0.026	0.749
7e88_A_B_C	0.20202182539682542	0.704	0.794
7e88_D_E_F	0.20202182539682542	0.741	0.794
7e88_G_H_I	0.20202182539682542	0.679	0.794
7tht_a_c_S	0.18895526695526693	0.1	0.294
7tht_H_L_C	0.18895526695526693	0.125	0.294
7e3b_B_C_A	0.18760873015873017	0.0	0.483
7dk0_A_B_C	0.18401190476190477	0.128	0.565
7mzj_F_E_A	0.17880833333333332	0.556	0.552
7ks9_H_L_B	0.17608333333333334	0.742	0.78
7lxz_E_D_A	0.17537725430597773	0.147	0.348
7m3i_H_L_R	0.17354586385836385	0.0	0.483
7f62_H_L_A	0.17285820668693008	0.281	0.512
7dk2_A_B_C	0.16969861804861808	0.613	0.773
7kmg_A_B_C	0.16843928571428568	0.108	0.632
7k9z_H_L_E	0.16070833333333334	0.024	0.68
7mzf_H_L_A	0.1602646825396825	0.828	0.797
7byr_H_L_B	0.15165	0.147	0.301
7ps0_B_C_A	0.1512327380952381	0.226	0.473
7beh_H_L_E	0.15059285714285717	0.156	0.457
7nd7_F_G_B	0.15059285714285717	0.188	0.474
7nd7_J_K_C	0.15059285714285717	0.182	0.474
7faf_g_f_B	0.14313571428571428	0.0	0.472
7ben_D_F_C	0.1429659447821682	0.357	0.732
7ben_H_L_E	0.1429659447821682	0.407	0.732
7ora_H_L_C	0.1429659447821682	0.37	0.732
7akd_D_E_C	0.14289392097264436	0.0	0.325
7r6x_H_L_R	0.14285	0.0	0.757
7nd4_F_G_B	0.14250833333333335	0.429	0.444
7nd4_H_L_C	0.14250833333333335	0.414	0.444
6w41_H_L_C	0.1421327380952381	0.0	0.686
6xc7_H_L_A	0.1421327380952381	0.0	0.686
7a5s_H_L_A	0.1421327380952381	0.0	0.625
7r8l_C_D_E	0.1421327380952381	0.0	0.686
7ps4_B_C_A	0.13919166666666666	0.0	0.474
7ra8_C_D_B	0.13907619047619046	0.027	0.273
7q9f_H_L_A	0.13861964285714284	0.0	0.744
7q9f_J_K_C	0.13861964285714284	0.0	0.744
7lab_T_S_A	0.13853571428571426	0.0	0.716
7lab_Y_X_B	0.13853571428571426	0.0	0.716
7r8o_H_L_B	0.1383178571428572	0.184	0.461
7r8o_M_N_E	0.1383178571428572	0.162	0.461
7ld1_P_O_A	0.1368170634920635	0.122	0.687
7beo_C_D_X	0.13603380192502532	0.37	0.732
7beo_H_L_R	0.13603380192502532	0.357	0.732
7nd9_H_L_B	0.13603380192502532	0.407	0.7
7kzb_H_L_C	0.1355952380952381	0.0	0.74
7k9z_B_A_E	0.1349065476190476	0.321	0.7
7sn3_F_G_B	0.1348845238095238	0.0	0.749
7sn3_H_L_C	0.1348845238095238	0.0	0.749
7dcx_A_F_C	0.13461845238095238	0.089	0.477
7dcx_E_H_K	0.13461845238095238	0.234	0.477
7ljr_S_T_A	0.13443214285714286	0.114	0.491
7cdj_H_L_E	0.13428849206349208	0.194	0.766
7pry_C_D_I	0.13344444444444445	0.097	0.725
7kqe_H_L_A	0.13325	0.0	0.363
7kqe_I_N_B	0.13325	0.0	0.363
7m7b_H_L_A	0.13325	0.0	0.363
7e7y_A_B_R	0.13317083333333332	0.267	0.552
7e7y_C_D_E	0.13317083333333332	0.2	0.552
7m42_B_A_E	0.13069999999999998	0.161	0.465
7ps6_H_L_E	0.1286928571428571	0.125	0.68
7q9k_D_E_B	0.12762301587301586	0.029	0.675
7s0e_H_L_A	0.1269236111111111	0.0	0.769
6wps_C_D_B	0.1259309523809524	0.0	0.345
6wpt_D_E_A	0.1259309523809524	0.0	0.345
7bep_H_L_E	0.1259309523809524	0.0	0.735
7jx3_A_B_R	0.1259309523809524	0.0	0.738
7l0n_C_D_S	0.1259309523809524	0.0	0.738
7tly_A_B_I	0.1259309523809524	0.0	0.548
7tn0_B_A_I	0.1259309523809524	0.0	0.738
7tn0_C_D_S	0.1259309523809524	0.0	0.738
7chs_H_L_E	0.1252077380952381	0.828	0.802
7czr_H_K_A	0.12313988095238096	0.741	0.579
6xdg_B_D_E	0.12186666666666666	0.286	0.75
6zdg_B_C_A	0.12068968253968254	0.0	0.767
6zdh_D_F_B	0.12068968253968254	0.0	0.767
6zdh_G_I_C	0.12068968253968254	0.0	0.767
6zfo_B_C_A	0.12068968253968254	0.0	0.767
7nx9_H_L_E	0.12068968253968254	0.0	0.767
7nxa_H_L_E	0.12068968253968254	0.0	0.767
7nxb_H_L_E	0.12068968253968254	0.0	0.767
7qnw_H_L_E	0.12068968253968254	0.0	0.767
7bel_A_B_R	0.12009404761904763	0.0	0.721
7bel_C_D_X	0.12009404761904763	0.0	0.721
7ora_D_E_C	0.12009404761904763	0.0	0.737
7n5h_H_L_A	0.11966944444444444	0.075	0.368
7czp_H_L_A	0.11952559523809525	0.424	0.37
7cah_E_D_A	0.11912689393939392	0.0	0.475
7cak_E_D_A	0.11912689393939392	0.0	0.67
7cwn_E_D_B	0.11912689393939392	0.0	0.647
7cwn_H_N_C	0.11912689393939392	0.0	0.647
7e5r_L_H_A	0.11912689393939392	0.0	0.67
7e5s_L_D_B	0.11912689393939392	0.0	0.67
7kqb_H_L_A	0.11904444444444445	0.158	0.551
7kqb_K_J_C	0.11904444444444445	0.154	0.551
7wd9_G_H_C	0.11894285714285714	0.0	0.461
7wk9_a_b_B	0.11894285714285714	0.0	0.461
7wk9_c_d_C	0.11894285714285714	0.0	0.461
7ps7_A_B_E	0.1187448717948718	0.133	0.471
7ps7_H_L_R	0.1187448717948718	0.167	0.471
7djz_A_B_C	0.1179	0.216	0.718
7k9j_I_M_B	0.11783611111111111	0.0	0.279
7k9j_J_N_C	0.11783611111111111	0.0	0.279
7k9k_H_L_A	0.11783611111111111	0.0	0.279
7e3l_D_E_A	0.11774523809523811	0.31	0.719
7mzj_H_L_A	0.11712083333333333	0.022	0.729
7chc_A_B_R	0.11709583333333334	0.0	0.765
7che_A_B_R	0.11709583333333334	0.0	0.765
7chh_D_E_A	0.11709583333333334	0.0	0.765
7chh_J_K_C	0.11709583333333334	0.0	0.765
7k8s_H_L_A	0.11708809523809524	0.111	0.77
7k8s_M_N_C	0.11708809523809524	0.121	0.77
7k8s_O_P_B	0.11708809523809524	0.129	0.77
7k8t_M_N_B	0.11708809523809524	0.088	0.77
7k8t_O_P_A	0.11708809523809524	0.128	0.77
7bep_A_B_E	0.11678214285714285	0.125	0.715
7nd8_H_L_B	0.11678214285714285	0.125	0.715
7mzk_N_M_B	0.11667936507936508	0.029	0.675
7k9h_I_M_C	0.1165422077922078	0.094	0.267
7e8f_C_B_R	0.11590297619047618	0.0	0.765
7k90_M_N_A	0.11492976190476192	0.156	0.547
7lrt_D_E_C	0.11461904761904762	0.296	0.736
7lcn_H_L_C	0.11389583333333335	0.0	0.458
7pqz_A_B_E	0.11353075396825396	0.028	0.55
7e8c_H_L_A	0.11323333333333334	0.0	0.523
7e8f_H_L_A	0.11323333333333334	0.0	0.523
7czy_H_K_A	0.11298749999999999	0.407	0.495
7qny_A_B_E	0.11280357142857143	0.0	0.53
7jx3_C_D_R	0.11248452380952383	0.344	0.526
7ly0_H_L_A	0.11247777777777779	0.0	0.341
7ly2_G_I_B	0.11247777777777779	0.0	0.341
7kn3_H_L_A	0.11110416666666667	0.371	0.79
7l5b_H_L_A	0.11073885281385282	0.139	0.447
7l2c_C_D_B	0.10925535714285714	0.0	0.467
7l2c_H_L_A	0.10925535714285714	0.0	0.467
6xkq_H_L_A	0.10876190476190475	0.387	0.447
7e7x_M_N_B	0.10873750000000001	0.0	0.469
7mmo_A_B_C	0.10781706349206348	0.081	0.543
7mmo_D_E_F	0.10781706349206348	0.081	0.543
7lss_H_L_B	0.10743690476190478	0.056	0.253
7cm4_H_L_A	0.107125	0.265	0.347
7ps2_A_B_G	0.10484742063492064	0.419	0.755
7mf1_H_L_A	0.10432738095238095	0.0	0.472
7cwn_G_F_A	0.10420277777777777	0.118	0.749
7e5r_M_U_A	0.10420277777777777	0.091	0.377
7e5r_T_V_B	0.10420277777777777	0.094	0.377
7e5s_I_K_B	0.10420277777777777	0.135	0.377
7rkv_D_H_B	0.10385357142857143	0.0	0.529
7rkv_E_F_A	0.10385357142857143	0.0	0.529
7rkv_G_L_C	0.10385357142857143	0.0	0.529
7v26_a_b_A	0.10302380952380953	0.053	0.444
7v26_c_d_C	0.10302380952380953	0.05	0.444
7dpm_A_B_C	0.10291190476190476	0.025	0.762
7dpm_G_H_I	0.10291190476190476	0.0	0.762
7dpm_J_K_L	0.10291190476190476	0.026	0.762
7lxw_H_L_A	0.10236944444444446	0.0	0.332
7k8x_E_G_A	0.10235119047619046	0.088	0.475
7cwt_P_M_C	0.10217500000000002	0.0	0.273
7cwu_N_G_B	0.10217500000000002	0.0	0.273
7cwu_P_I_C	0.10217500000000002	0.0	0.273
7e5r_X_S_C	0.10217500000000002	0.0	0.273
7e5s_U_Q_B	0.10217500000000002	0.0	0.273
6xdg_C_A_E	0.10150833333333335	0.03	0.54
7lq7_P_Q_A	0.10075297619047618	0.044	0.672
7lq7_y_z_E	0.10075297619047618	0.045	0.672
7mzl_H_L_A	0.10067301587301589	0.5	0.667
7bnv_H_L_A	0.09894166666666666	0.027	0.717
7msq_H_L_A	0.09788333333333334	0.0	0.668
7ej5_H_L_A	0.09765	0.276	0.467
7ej5_J_N_C	0.09765	0.214	0.467
7w9f_A_B_E	0.09750833333333332	0.321	0.359
7cwt_E_D_A	0.09747261904761903	0.111	0.388
7cyh_E_D_A	0.09747261904761903	0.118	0.385
7e5s_R_O_A	0.09747261904761903	0.125	0.586
7tas_H_L_E	0.09509166666666669	0.286	0.325
7tat_H_L_A	0.09509166666666669	0.267	0.325
7l7e_H_L_S	0.09314166666666668	0.286	0.739
7l7e_I_J_K	0.09314166666666668	0.31	0.739
7wcz_a_b_A	0.09181369047619048	0.172	0.456
7wd7_a_b_A	0.09181369047619048	0.222	0.456
7l7e_C_D_b	0.09168928571428572	0.025	0.729
7l7e_E_F_G	0.09168928571428572	0.025	0.729
7czt_H_L_A	0.09161488095238095	0.485	0.406
7qnw_A_B_E	0.08734662698412698	0.054	0.677
7n8i_H_L_A	0.0863452380952381	0.0	0.35
7so9_C_B_A	0.0863452380952381	0.0	0.349
7soa_H_L_A	0.0863452380952381	0.0	0.349
7tm0_I_H_A	0.0863452380952381	0.0	0.351
7prz_H_L_E	0.08309940476190476	0.438	0.751
7f7e_C_L_E	0.08173690476190475	0.026	0.745
7eam_C_D_B	0.07764166666666668	0.0	0.464
7ben_G_I_C	0.061263095238095235	0.026	0.742
7orb_E_F_X	0.061263095238095235	0.025	0.742
