abname	sesascore	episim	absim
7v26_a_b_A	0.3846642857142857	0.684	1.0
7v26_c_d_C	0.3846642857142857	1.0	1.0
7wcz_a_b_A	0.1799598214285714	0.0	0.361
7wd7_a_b_A	0.1799598214285714	0.0	0.361
7mmo_A_B_C	0.17993095238095239	0.6	0.654
7mmo_D_E_F	0.17993095238095239	0.6	0.654
7lss_H_L_B	0.17265595238095238	0.579	0.449
7e7x_M_N_B	0.1521154761904762	0.0	0.712
7cwt_E_D_A	0.15146666666666667	0.455	0.25
7cyh_E_D_A	0.15146666666666667	0.364	0.25
7e5s_R_O_A	0.15146666666666667	0.333	0.412
7czy_H_K_A	0.14666011904761903	0.0	0.356
7beh_H_L_E	0.14614880952380951	0.036	0.647
7nd7_F_G_B	0.14614880952380951	0.034	0.673
7nd7_J_K_C	0.14614880952380951	0.069	0.673
7mzk_N_M_B	0.145481746031746	0.4	0.447
7ps0_B_C_A	0.14208333333333334	0.25	0.697
7tht_a_c_S	0.14158273809523808	0.091	0.236
7tht_H_L_C	0.14158273809523808	0.088	0.236
7jx3_C_D_R	0.14133528138528137	0.25	0.628
7cwt_P_M_C	0.1409416666666667	0.0	0.257
7cwu_N_G_B	0.1409416666666667	0.0	0.257
7cwu_P_I_C	0.1409416666666667	0.0	0.257
7e5r_X_S_C	0.1409416666666667	0.0	0.257
7e5s_U_Q_B	0.1409416666666667	0.0	0.257
7kmg_A_B_C	0.1396875	0.031	0.432
7bep_A_B_E	0.13910119047619046	0.0	0.446
7nd8_H_L_B	0.13910119047619046	0.0	0.446
7m3i_H_L_R	0.13821845238095234	0.0	0.647
7cwn_G_F_A	0.1373392857142857	0.0	0.456
7e5r_M_U_A	0.1373392857142857	0.0	0.264
7e5r_T_V_B	0.1373392857142857	0.0	0.264
7e5s_I_K_B	0.1373392857142857	0.03	0.264
7kn3_H_L_A	0.1353875	0.081	0.461
7f62_H_L_A	0.13460178571428574	0.138	0.356
6xdg_B_D_E	0.1338363095238095	0.0	0.464
7k9j_I_M_B	0.1335670634920635	0.4	0.228
7k9j_J_N_C	0.1335670634920635	0.45	0.228
7k9k_H_L_A	0.1335670634920635	0.476	0.228
7mzj_H_L_A	0.13284166666666666	0.444	0.46
7cm4_H_L_A	0.13163690476190476	0.061	0.54
7ps7_A_B_E	0.1314369047619048	0.3	0.66
7ps7_H_L_R	0.1314369047619048	0.286	0.66
7kqb_H_L_A	0.1305	0.029	0.374
7kqb_K_J_C	0.1305	0.028	0.374
6xkq_H_L_A	0.130475	0.129	0.628
7kqe_H_L_A	0.12977976190476193	0.0	0.485
7kqe_I_N_B	0.12977976190476193	0.0	0.485
7m7b_H_L_A	0.12977976190476193	0.0	0.485
7czp_H_L_A	0.12975793650793652	0.114	0.535
7tas_H_L_E	0.12903968253968254	0.088	0.27
7tat_H_L_A	0.12903968253968254	0.071	0.27
7k8x_E_G_A	0.12855714285714284	0.074	0.702
7l2c_C_D_B	0.12816607142857142	0.0	0.677
7l2c_H_L_A	0.12816607142857142	0.0	0.677
7dk4_a_b_A	0.1278	0.111	0.395
7dk4_e_f_C	0.1278	0.056	0.395
7dk7_c_d_B	0.1278	0.128	0.395
7q9k_D_E_B	0.12777380952380954	0.0	0.444
7lxz_E_D_A	0.12650714285714287	0.107	0.233
7e8c_H_L_A	0.12635119047619048	0.0	0.619
7e8f_H_L_A	0.12635119047619048	0.0	0.619
7dpm_A_B_C	0.12598333333333336	0.0	0.446
7dpm_G_H_I	0.12598333333333336	0.0	0.446
7dpm_J_K_L	0.12598333333333336	0.0	0.446
7mzj_F_E_A	0.12519603174603172	0.0	0.625
7cah_E_D_A	0.1249234126984127	0.0	0.39
7cak_E_D_A	0.1249234126984127	0.0	0.431
7cwn_E_D_B	0.1249234126984127	0.0	0.418
7cwn_H_N_C	0.1249234126984127	0.0	0.418
7e5r_L_H_A	0.1249234126984127	0.0	0.431
7e5s_L_D_B	0.1249234126984127	0.0	0.431
7k9z_B_A_E	0.12474368131868134	0.0	0.455
7cdj_H_L_E	0.12453333333333333	0.167	0.46
7prz_H_L_E	0.1239091193528694	0.0	0.45
7czt_H_L_A	0.1233218253968254	0.108	0.475
7k9z_H_L_E	0.12296666666666667	0.061	0.444
7e8f_C_B_R	0.12170833333333334	0.167	0.434
7r8o_H_L_B	0.12163333333333334	0.156	0.587
7r8o_M_N_E	0.12163333333333334	0.167	0.587
7q9f_H_L_A	0.12161666666666666	0.0	0.431
7q9f_J_K_C	0.12161666666666666	0.0	0.431
7s0e_H_L_A	0.1210375	0.0	0.457
7l7e_C_D_b	0.12046130952380951	0.435	0.462
7l7e_E_F_G	0.12046130952380951	0.5	0.462
7ps4_B_C_A	0.12022579365079368	0.034	0.606
7e5y_C_B_A	0.11949166666666668	0.0	0.457
7e3b_B_C_A	0.11900416666666666	0.296	0.377
7k9h_I_M_C	0.11675800865800864	0.038	0.255
7q6e_E_F_B	0.11661904761904762	0.0	0.443
7q6e_J_K_C	0.11661904761904762	0.0	0.443
7l5b_H_L_A	0.11632083333333333	0.1	0.654
7kzb_H_L_C	0.1162638888888889	0.0	0.462
7sn3_F_G_B	0.11486944444444443	0.0	0.43
7sn3_H_L_C	0.11486944444444443	0.0	0.43
7lcn_H_L_C	0.11429642857142858	0.0	0.653
7mf1_H_L_A	0.11428333333333335	0.143	0.672
6xcn_B_D_A	0.1141107142857143	0.0	0.706
6xcn_H_L_C	0.1141107142857143	0.0	0.706
7msq_H_L_A	0.1136654761904762	0.0	0.486
7ljr_S_T_A	0.11326190476190477	0.079	0.333
7m42_B_A_E	0.11312380952380952	0.037	0.702
6xdg_C_A_E	0.11274940476190476	0.529	0.711
7mzl_H_L_A	0.11259404761904762	0.075	0.461
7pry_C_D_I	0.1123734126984127	0.3	0.483
7eam_C_D_B	0.11196531385281384	0.03	0.368
7bem_H_L_E	0.1119107142857143	0.068	0.287
7lxw_H_L_A	0.1114154761904762	0.0	0.249
7czr_H_K_A	0.11023333333333335	0.054	0.364
7djz_A_B_C	0.10970833333333334	0.088	0.441
7rkv_D_H_B	0.10942619047619048	0.0	0.615
7rkv_E_F_A	0.10942619047619048	0.0	0.615
7rkv_G_L_C	0.10942619047619048	0.0	0.615
7e7y_A_B_R	0.10835555555555555	0.0	0.665
7e7y_C_D_E	0.10835555555555555	0.0	0.665
7ly0_H_L_A	0.10829742063492062	0.0	0.262
7ly2_G_I_B	0.10829742063492062	0.0	0.262
7ra8_C_D_B	0.10757420634920635	0.034	0.261
7bnv_H_L_A	0.10737579365079367	0.0	0.438
7lab_T_S_A	0.10715317460317461	0.0	0.429
7lab_Y_X_B	0.10715317460317461	0.0	0.429
7k90_M_N_A	0.10604285714285715	0.036	0.709
7f7e_C_L_E	0.10505833333333336	0.6	0.443
7m6g_R_S_B	0.10476686507936508	0.409	0.452
7wd9_G_H_C	0.10418869047619048	0.0	0.356
7wk9_a_b_B	0.10418869047619048	0.0	0.356
7wk9_c_d_C	0.10418869047619048	0.0	0.356
7qnw_A_B_E	0.10336904761904765	0.192	0.475
7l7e_H_L_S	0.10299047619047619	0.0	0.423
7l7e_I_J_K	0.10299047619047619	0.0	0.423
7ps2_A_B_G	0.10231428571428572	0.029	0.456
7beo_C_D_X	0.10213630952380953	0.0	0.433
7beo_H_L_R	0.10213630952380953	0.0	0.433
7nd9_H_L_B	0.10213630952380953	0.0	0.42
7s4s_H_L_A	0.10165	0.05	0.444
7qny_A_B_E	0.10163571428571427	0.129	0.612
7ben_D_F_C	0.10145297619047619	0.0	0.435
7ben_H_L_E	0.10145297619047619	0.0	0.435
7ora_H_L_C	0.10145297619047619	0.0	0.435
7chc_A_B_R	0.10135833333333333	0.167	0.436
7che_A_B_R	0.10135833333333333	0.125	0.436
7chh_D_E_A	0.10135833333333333	0.167	0.436
7chh_J_K_C	0.10135833333333333	0.074	0.436
7byr_H_L_B	0.10132916666666666	0.148	0.23
7pqz_A_B_E	0.10000833333333334	0.611	0.648
7jmo_H_L_A	0.09943333333333332	0.047	0.453
7chs_H_L_E	0.09880119047619049	0.071	0.447
7e3l_D_E_A	0.09850833333333332	0.0	0.424
7m6d_H_L_C	0.0968952380952381	0.0	0.45
7kfw_C_D_B	0.09621785714285715	0.071	0.455
7dk0_A_B_C	0.09610119047619047	0.161	0.563
7nd4_F_G_B	0.09591666666666668	0.067	0.63
7nd4_H_L_C	0.09591666666666668	0.065	0.63
6xc2_H_L_A	0.09564880952380954	0.065	0.452
6xc3_B_A_C	0.09564880952380954	0.045	0.452
7bel_A_B_R	0.09516825396825399	0.0	0.447
7bel_C_D_X	0.09516825396825399	0.0	0.447
7ora_D_E_C	0.09516825396825399	0.0	0.452
7ks9_H_L_B	0.09495119047619048	0.07	0.46
7np1_H_L_A	0.09428141025641025	0.0	0.446
7np1_I_M_B	0.09428141025641025	0.0	0.446
7np1_J_N_C	0.09428141025641025	0.024	0.446
7np1_K_O_D	0.09428141025641025	0.0	0.446
7r8l_H_L_E	0.09353141025641026	0.05	0.439
7kfv_C_D_B	0.09348035714285714	0.071	0.452
7kfv_F_G_E	0.09348035714285714	0.071	0.452
7n3i_H_L_C	0.09295998168498168	0.05	0.462
7pqy_B_C_A	0.09264166666666666	0.025	0.45
7pqz_H_L_E	0.09264166666666666	0.025	0.45
7q0g_H_L_E	0.09264166666666666	0.0	0.45
7mzf_H_L_A	0.09238333333333335	0.071	0.456
6w41_H_L_C	0.0912267857142857	0.0	0.457
6xc7_H_L_A	0.0912267857142857	0.0	0.457
7a5s_H_L_A	0.0912267857142857	0.0	0.429
7r8l_C_D_E	0.0912267857142857	0.0	0.457
7k8s_H_L_A	0.09060000000000001	0.067	0.48
7k8s_M_N_C	0.09060000000000001	0.036	0.48
7k8s_O_P_B	0.09060000000000001	0.08	0.48
7k8t_M_N_B	0.09060000000000001	0.0	0.48
7k8t_O_P_A	0.09060000000000001	0.059	0.48
7faf_g_f_B	0.08995416666666667	0.292	0.338
7n5h_H_L_A	0.08819761904761904	0.0	0.27
7ben_G_I_C	0.0880607142857143	0.391	0.454
7orb_E_F_X	0.0880607142857143	0.435	0.454
7ps6_H_L_E	0.08750952380952381	0.4	0.484
7e86_A_B_C	0.08740833333333334	0.047	0.454
7r6x_H_L_R	0.08740416666666666	0.0	0.456
6xc4_H_L_A	0.08694166666666667	0.026	0.453
6xc4_X_Y_Z	0.08694166666666667	0.026	0.453
6xc7_C_D_A	0.08694166666666667	0.026	0.453
7c01_C_D_B	0.08691666666666668	0.0	0.47
7dk2_A_B_C	0.0866297619047619	0.077	0.461
7lrt_D_E_C	0.08649166666666668	0.0	0.433
7k8m_A_B_E	0.085975	0.053	0.465
7chf_H_L_R	0.08585273109243696	0.068	0.452
7e8c_D_E_C	0.08585273109243696	0.077	0.451
7e8c_O_Q_A	0.08585273109243696	0.103	0.451
7e8f_D_E_R	0.08585273109243696	0.073	0.452
7n8i_H_L_A	0.08541666666666667	0.0	0.239
7so9_C_B_A	0.08541666666666667	0.0	0.241
7soa_H_L_A	0.08541666666666667	0.0	0.241
7tm0_I_H_A	0.08541666666666667	0.0	0.243
7sc1_M_N_B	0.08524940476190476	0.026	0.458
7e88_A_B_C	0.08234558823529411	0.027	0.444
7e88_D_E_F	0.08234558823529411	0.026	0.444
7e88_G_H_I	0.08234558823529411	0.026	0.444
7cdi_H_L_E	0.08095833333333334	0.0	0.439
7lq7_P_Q_A	0.0808404761904762	0.0	0.445
7lq7_y_z_E	0.0808404761904762	0.0	0.445
7dcx_A_F_C	0.08075	0.079	0.402
7dcx_E_H_K	0.08075	0.0	0.402
7akd_D_E_C	0.0795047619047619	0.0	0.265
7ch5_H_L_R	0.07880714285714287	0.024	0.443
6zdg_B_C_A	0.07621904761904762	0.0	0.463
6zdh_D_F_B	0.07621904761904762	0.0	0.463
6zdh_G_I_C	0.07621904761904762	0.0	0.463
6zfo_B_C_A	0.07621904761904762	0.0	0.463
7nx9_H_L_E	0.07621904761904762	0.0	0.463
7nxa_H_L_E	0.07621904761904762	0.0	0.463
7nxb_H_L_E	0.07621904761904762	0.0	0.463
7qnw_H_L_E	0.07621904761904762	0.0	0.463
7kmk_I_M_B	0.07421964285714286	0.0	0.464
7kxk_I_M_B	0.07421964285714286	0.032	0.464
7ej5_H_L_A	0.07375	0.0	0.349
7ej5_J_N_C	0.07375	0.0	0.349
7bej_H_L_E	0.07317738095238095	0.065	0.443
7bek_H_L_E	0.07317738095238095	0.067	0.443
7nd6_H_L_B	0.07317738095238095	0.067	0.443
7w9f_A_B_E	0.0709375	0.0	0.297
7q9g_E_F_B	0.05906666666666667	0.0	0.235
6wps_C_D_B	0.05735357142857143	0.103	0.238
6wpt_D_E_A	0.05735357142857143	0.036	0.238
7bep_H_L_E	0.05735357142857143	0.107	0.443
7jx3_A_B_R	0.05735357142857143	0.107	0.439
7l0n_C_D_S	0.05735357142857143	0.129	0.439
7tly_A_B_I	0.05735357142857143	0.115	0.292
7tn0_B_A_I	0.05735357142857143	0.107	0.439
7tn0_C_D_S	0.05735357142857143	0.107	0.439
7ld1_P_O_A	0.04773928571428572	0.0	0.427
