abname	sesascore	episim	absim
7ej5_H_L_A	0.29477480158730157	0.6	0.609
7ej5_J_N_C	0.29477480158730157	0.5	0.609
7w9f_A_B_E	0.2706623015873016	1.0	1.0
7ps6_H_L_E	0.24791666666666667	0.0	0.367
7cwt_E_D_A	0.24227500000000002	0.0	0.204
7cyh_E_D_A	0.24227500000000002	0.0	0.204
7e5s_R_O_A	0.24227500000000002	0.0	0.287
7lrt_D_E_C	0.2110988095238095	0.467	0.375
7ben_D_F_C	0.20952619047619048	0.471	0.373
7ben_H_L_E	0.20952619047619048	0.562	0.373
7ora_H_L_C	0.20952619047619048	0.6	0.373
7beo_C_D_X	0.20064999999999997	0.5	0.373
7beo_H_L_R	0.20064999999999997	0.471	0.373
7nd9_H_L_B	0.20064999999999997	0.562	0.373
7e3l_D_E_A	0.1909670634920635	0.389	0.371
7wcz_a_b_A	0.17639781746031746	0.5	0.569
7wd7_a_b_A	0.17639781746031746	0.538	0.569
7lxz_E_D_A	0.1749309523809524	0.182	0.226
7q9k_D_E_B	0.16953888888888888	0.0	0.381
7l7e_H_L_S	0.16299523809523808	0.438	0.372
7l7e_I_J_K	0.16299523809523808	0.471	0.372
7pry_C_D_I	0.16124761904761906	0.0	0.348
7ps0_B_C_A	0.15785595238095237	0.087	0.307
7v26_a_b_A	0.1543375	0.0	0.297
7v26_c_d_C	0.1543375	0.0	0.297
7beh_H_L_E	0.15382500000000002	0.2	0.335
7nd7_F_G_B	0.15382500000000002	0.19	0.335
7nd7_J_K_C	0.15382500000000002	0.182	0.335
7f7e_C_L_E	0.1392261904761905	0.0	0.352
7m6g_R_S_B	0.1338565476190476	0.0	0.378
7mzk_N_M_B	0.1302339285714286	0.0	0.392
7ps7_A_B_E	0.12955595238095235	0.0	0.305
7ps7_H_L_R	0.12955595238095235	0.0	0.305
7prz_H_L_E	0.12912023809523812	0.179	0.362
7czt_H_L_A	0.12903075396825398	0.241	0.408
7cwn_G_F_A	0.12565833333333332	0.136	0.353
7e5r_M_U_A	0.12565833333333332	0.15	0.209
7e5r_T_V_B	0.12565833333333332	0.158	0.209
7e5s_I_K_B	0.12565833333333332	0.16	0.209
7ps4_B_C_A	0.1199904761904762	0.042	0.329
7czy_H_K_A	0.11916309523809525	0.562	0.503
7f62_H_L_A	0.11753044871794872	0.037	0.475
7kqe_H_L_A	0.11704480519480519	0.0	0.408
7kqe_I_N_B	0.11704480519480519	0.0	0.408
7m7b_H_L_A	0.11704480519480519	0.0	0.408
7lss_H_L_B	0.11645833333333334	0.0	0.194
7kn3_H_L_A	0.11620714285714287	0.346	0.374
7jx3_C_D_R	0.11602738095238095	0.111	0.305
7m42_B_A_E	0.11428333333333335	0.211	0.331
7e7y_A_B_R	0.11282500000000001	0.562	0.3
7e7y_C_D_E	0.11282500000000001	0.438	0.3
7mmo_A_B_C	0.11217261904761903	0.0	0.322
7mmo_D_E_F	0.11217261904761903	0.0	0.322
7k9h_I_M_C	0.11216772186147186	0.1	0.197
7ljr_S_T_A	0.11166428571428573	0.2	0.467
7k9z_H_L_E	0.11165555555555555	0.0	0.382
7dk0_A_B_C	0.11141250000000001	0.148	0.34
7mzf_H_L_A	0.11126964285714287	0.29	0.365
7qnw_A_B_E	0.11055416666666666	0.0	0.363
7czp_H_L_A	0.11035357142857144	0.133	0.415
7k9z_B_A_E	0.10988174603174605	0.6	0.391
7cwt_P_M_C	0.109725	0.0	0.22
7cwu_N_G_B	0.109725	0.0	0.22
7cwu_P_I_C	0.109725	0.0	0.22
7e5r_X_S_C	0.109725	0.0	0.22
7e5s_U_Q_B	0.109725	0.0	0.22
7cdj_H_L_E	0.1095827380952381	0.2	0.357
7byr_H_L_B	0.10846666666666668	0.13	0.227
7n8i_H_L_A	0.10785357142857142	0.0	0.199
7so9_C_B_A	0.10785357142857142	0.0	0.199
7soa_H_L_A	0.10785357142857142	0.0	0.199
7tm0_I_H_A	0.10785357142857142	0.0	0.2
7bep_A_B_E	0.10736111111111112	0.211	0.361
7nd8_H_L_B	0.10736111111111112	0.211	0.361
6xdg_B_D_E	0.10606071428571429	0.278	0.364
7sn3_F_G_B	0.1060404761904762	0.0	0.347
7sn3_H_L_C	0.1060404761904762	0.0	0.347
7e3b_B_C_A	0.10233333333333335	0.0	0.476
6xdg_C_A_E	0.10165317460317459	0.0	0.316
7eam_C_D_B	0.1009910714285714	0.0	0.482
7akd_D_E_C	0.10080833333333336	0.0	0.206
7kzb_H_L_C	0.10019047619047618	0.0	0.365
7pqz_A_B_E	0.10001488095238095	0.0	0.316
7k9j_I_M_B	0.09989960317460317	0.0	0.236
7k9j_J_N_C	0.09989960317460317	0.0	0.236
7k9k_H_L_A	0.09989960317460317	0.0	0.236
7kqb_H_L_A	0.0997654761904762	0.192	0.466
7kqb_K_J_C	0.0997654761904762	0.185	0.466
7dk2_A_B_C	0.098925	0.321	0.362
7l2c_C_D_B	0.09824999999999999	0.0	0.332
7l2c_H_L_A	0.09824999999999999	0.0	0.332
7ben_G_I_C	0.09755714285714286	0.0	0.353
7orb_E_F_X	0.09755714285714286	0.0	0.353
7msq_H_L_A	0.09700887445887445	0.0	0.365
7lab_T_S_A	0.09626666666666668	0.0	0.36
7lab_Y_X_B	0.09626666666666668	0.0	0.36
7czr_H_K_A	0.09603055555555555	0.259	0.476
7chs_H_L_E	0.0954875	0.25	0.358
6xkq_H_L_A	0.09499166666666665	0.364	0.318
7s4s_H_L_A	0.09394999999999999	0.321	0.359
7c01_C_D_B	0.09388095238095238	0.3	0.368
7q9f_H_L_A	0.09353333333333334	0.0	0.379
7q9f_J_K_C	0.09353333333333334	0.0	0.379
7q6e_E_F_B	0.09345265151515153	0.0	0.373
7q6e_J_K_C	0.09345265151515153	0.0	0.373
6xcn_B_D_A	0.09344999999999999	0.261	0.309
6xcn_H_L_C	0.09344999999999999	0.261	0.309
7m6d_H_L_C	0.09323690476190476	0.36	0.359
7mzl_H_L_A	0.09294345238095238	0.31	0.351
7ch5_H_L_R	0.09242440476190478	0.321	0.356
7ps2_A_B_G	0.09184345238095239	0.148	0.363
7djz_A_B_C	0.09045357142857144	0.185	0.371
7kmg_A_B_C	0.09015119047619048	0.12	0.375
7tas_H_L_E	0.08735357142857143	0.185	0.195
7tat_H_L_A	0.08735357142857143	0.25	0.195
7s0e_H_L_A	0.08677956349206348	0.0	0.36
7e86_A_B_C	0.08662500000000001	0.25	0.359
7r6x_H_L_R	0.0865	0.0	0.365
7k8m_A_B_E	0.086475	0.296	0.357
7k8s_H_L_A	0.08614583333333332	0.125	0.358
7k8s_M_N_C	0.08614583333333332	0.091	0.358
7k8s_O_P_B	0.08614583333333332	0.158	0.358
7k8t_M_N_B	0.08614583333333332	0.043	0.358
7k8t_O_P_A	0.08614583333333332	0.148	0.358
7e7x_M_N_B	0.08610833333333331	0.0	0.329
7bem_H_L_E	0.08559345238095237	0.235	0.227
7e88_A_B_C	0.08444166666666668	0.32	0.353
7e88_D_E_F	0.08444166666666668	0.36	0.353
7e88_G_H_I	0.08444166666666668	0.308	0.353
7mzj_H_L_A	0.08304285714285714	0.0	0.357
7ld1_P_O_A	0.08291250000000001	0.0	0.377
7qny_A_B_E	0.08285000000000001	0.0	0.305
7bej_H_L_E	0.08280833333333332	0.257	0.359
7bek_H_L_E	0.08280833333333332	0.265	0.359
7nd6_H_L_B	0.08280833333333332	0.265	0.359
6xc2_H_L_A	0.082525	0.257	0.36
6xc3_B_A_C	0.082525	0.206	0.36
7kfv_C_D_B	0.08221904761904761	0.25	0.364
7kfv_F_G_E	0.08221904761904761	0.25	0.364
7lxw_H_L_A	0.08214999999999999	0.0	0.186
7jmo_H_L_A	0.08209761904761903	0.25	0.35
7ks9_H_L_B	0.08180357142857145	0.206	0.363
7m3i_H_L_R	0.08174999999999999	0.0	0.313
7bnv_H_L_A	0.08161468253968254	0.0	0.375
7lcn_H_L_C	0.08145416666666666	0.0	0.326
7np1_H_L_A	0.07970833333333333	0.391	0.358
7np1_I_M_B	0.07970833333333333	0.391	0.358
7np1_J_N_C	0.07970833333333333	0.321	0.358
7np1_K_O_D	0.07970833333333333	0.32	0.358
7e5y_C_B_A	0.07960833333333332	0.36	0.344
7ly0_H_L_A	0.07786071428571431	0.0	0.194
7ly2_G_I_B	0.07786071428571431	0.0	0.194
7cah_E_D_A	0.07547500000000001	0.0	0.327
7cak_E_D_A	0.07547500000000001	0.0	0.402
7cwn_E_D_B	0.07547500000000001	0.0	0.398
7cwn_H_N_C	0.07547500000000001	0.0	0.398
7e5r_L_H_A	0.07547500000000001	0.0	0.402
7e5s_L_D_B	0.07547500000000001	0.0	0.402
7r8l_H_L_E	0.07545595238095239	0.276	0.339
7chc_A_B_R	0.07451666666666666	0.0	0.357
7che_A_B_R	0.07451666666666666	0.0	0.357
7chh_D_E_A	0.07451666666666666	0.045	0.357
7chh_J_K_C	0.07451666666666666	0.091	0.357
7faf_g_f_B	0.07404404761904762	0.0	0.479
6xc4_H_L_A	0.07378333333333333	0.296	0.363
6xc4_X_Y_Z	0.07378333333333333	0.25	0.363
6xc7_C_D_A	0.07378333333333333	0.308	0.363
7kmk_I_M_B	0.07363809523809524	0.381	0.368
7kxk_I_M_B	0.07363809523809524	0.286	0.368
7rkv_D_H_B	0.07354999999999998	0.0	0.304
7rkv_E_F_A	0.07354999999999998	0.0	0.304
7rkv_G_L_C	0.07354999999999998	0.0	0.304
7nd4_F_G_B	0.07347261904761905	0.227	0.315
7nd4_H_L_C	0.07347261904761905	0.217	0.315
7cm4_H_L_A	0.0733763888888889	0.154	0.396
7k8x_E_G_A	0.07321845238095237	0.143	0.334
7n3i_H_L_C	0.07208095238095237	0.276	0.357
7tht_a_c_S	0.07108035714285715	0.148	0.219
7tht_H_L_C	0.07108035714285715	0.143	0.219
7ra8_C_D_B	0.07106666666666667	0.0	0.214
7r8o_H_L_B	0.07075	0.143	0.326
7r8o_M_N_E	0.07075	0.111	0.326
7e8f_C_B_R	0.06966666666666668	0.0	0.355
7n5h_H_L_A	0.069575	0.0	0.216
7dpm_A_B_C	0.06954166666666665	0.0	0.364
7dpm_G_H_I	0.06954166666666665	0.0	0.364
7dpm_J_K_L	0.06954166666666665	0.0	0.364
7wd9_G_H_C	0.06843571428571428	0.0	0.499
7wk9_a_b_B	0.06843571428571428	0.0	0.499
7wk9_c_d_C	0.06843571428571428	0.0	0.499
7sc1_M_N_B	0.06795833333333333	0.167	0.356
7kfw_C_D_B	0.06758571428571429	0.212	0.364
7mf1_H_L_A	0.0669204365079365	0.0	0.324
7l5b_H_L_A	0.06670833333333334	0.167	0.327
7lq7_P_Q_A	0.06604761904761904	0.0	0.387
7lq7_y_z_E	0.06604761904761904	0.0	0.387
6zdg_B_C_A	0.06571666666666667	0.0	0.36
6zdh_D_F_B	0.06571666666666667	0.0	0.36
6zdh_G_I_C	0.06571666666666667	0.0	0.36
6zfo_B_C_A	0.06571666666666667	0.0	0.36
7nx9_H_L_E	0.06571666666666667	0.0	0.36
7nxa_H_L_E	0.06571666666666667	0.0	0.36
7nxb_H_L_E	0.06571666666666667	0.0	0.36
7qnw_H_L_E	0.06571666666666667	0.0	0.36
7pqy_B_C_A	0.06535833333333332	0.286	0.357
7pqz_H_L_E	0.06535833333333332	0.241	0.357
7q0g_H_L_E	0.06535833333333332	0.296	0.357
7e8c_H_L_A	0.06488333333333333	0.0	0.308
7e8f_H_L_A	0.06488333333333333	0.0	0.308
7dcx_A_F_C	0.06440952380952382	0.0	0.505
7dcx_E_H_K	0.06440952380952382	0.047	0.505
7cdi_H_L_E	0.06373095238095237	0.333	0.36
7chf_H_L_R	0.06292500000000001	0.235	0.364
7e8c_D_E_C	0.06292500000000001	0.276	0.365
7e8c_O_Q_A	0.06292500000000001	0.267	0.365
7e8f_D_E_R	0.06292500000000001	0.258	0.366
7mzj_F_E_A	0.06285714285714286	0.381	0.313
7bel_A_B_R	0.05972083333333333	0.0	0.363
7bel_C_D_X	0.05972083333333333	0.0	0.363
7ora_D_E_C	0.05972083333333333	0.0	0.357
7k90_M_N_A	0.059108333333333325	0.263	0.309
7dk4_a_b_A	0.0558	0.25	0.471
7dk4_e_f_C	0.0558	0.222	0.471
7dk7_c_d_B	0.0558	0.219	0.471
6w41_H_L_C	0.05422222222222222	0.0	0.378
6xc7_H_L_A	0.05422222222222222	0.0	0.378
7a5s_H_L_A	0.05422222222222222	0.0	0.374
7r8l_C_D_E	0.05422222222222222	0.0	0.378
7l7e_C_D_b	0.0536	0.0	0.366
7l7e_E_F_G	0.0536	0.0	0.366
7q9g_E_F_B	0.04729166666666666	0.0	0.203
6wps_C_D_B	0.039	0.0	0.225
6wpt_D_E_A	0.039	0.0	0.225
7bep_H_L_E	0.039	0.0	0.377
7jx3_A_B_R	0.039	0.0	0.378
7l0n_C_D_S	0.039	0.0	0.378
7tly_A_B_I	0.039	0.0	0.303
7tn0_B_A_I	0.039	0.0	0.378
7tn0_C_D_S	0.039	0.0	0.378
