abname	sesascore	episim	absim
3u4e_A_B_J	0.220325	0.0	0.61
5vj6_M_N_B	0.1895236111111111	0.0	0.456
5t3z_H_L_G	0.1773168650793651	0.0	0.577
6ccb_H_L_G	0.1773168650793651	0.0	0.577
6orn_F_I_K	0.1773168650793651	0.0	0.577
5a8h_L_K_G	0.17292361111111113	0.0	0.448
5a8h_R_Q_M	0.17292361111111113	0.0	0.448
5thr_P_Q_C	0.17292361111111113	0.0	0.448
6cm3_T_U_C	0.17292361111111113	0.0	0.448
4r2g_D_C_O	0.16275238095238095	0.0	0.571
6mtj_H_L_G	0.15354464285714287	0.0	0.557
6mu6_H_L_G	0.15354464285714287	0.0	0.557
6nm6_H_L_G	0.15354464285714287	0.0	0.557
6nnj_H_L_G	0.15354464285714287	0.0	0.557
6vzi_H_L_G	0.15354464285714287	0.0	0.557
4ybl_H_L_G	0.14410198412698413	0.0	0.635
6orp_H_L_G	0.1423732142857143	0.0	0.606
6orp_J_K_I	0.1423732142857143	0.0	0.606
4yc2_B_C_A	0.13989960317460315	0.0	0.635
3p30_H_L_A	0.1333702380952381	1.0	1.0
4ywg_H_L_G	0.1309047619047619	0.0	0.44
4ye4_H_L_G	0.128955303030303	0.0	0.414
3vrl_H_L_C	0.12660357142857143	0.0	0.379
3hi1_B_A_J	0.12298333333333332	0.0	0.455
5d9q_H_L_G	0.12211130952380954	0.0	0.578
5d9q_N_M_J	0.12211130952380954	0.0	0.578
5u7m_H_L_G	0.12211130952380954	0.0	0.575
5u7o_H_L_G	0.12211130952380954	0.0	0.575
5utf_H_L_G	0.12211130952380954	0.0	0.575
6b0n_H_L_G	0.12211130952380954	0.0	0.575
6cdi_5_6_2	0.12211130952380954	0.0	0.249
6cuf_5_6_2	0.12211130952380954	0.0	0.247
6cuf_M_N_C	0.12211130952380954	0.0	0.247
6mph_M_N_C	0.12211130952380954	0.0	0.249
6n1w_5_6_C	0.12211130952380954	0.0	0.247
6n1w_m_n_2	0.12211130952380954	0.0	0.247
6nf2_E_F_G	0.12211130952380954	0.0	0.575
6osy_C_D_B	0.12211130952380954	0.0	0.575
6ot1_F_I_E	0.12211130952380954	0.0	0.575
7mxe_R_W_J	0.12025496031746032	0.0	0.511
5ukr_H_L_G	0.11926349206349209	0.0	0.572
4rfo_H_L_G	0.11736071428571429	0.0	0.628
5kjr_H_L_G	0.11736071428571429	0.0	0.628
6p62_C_D_B	0.11720654761904763	0.0	0.362
3mac_H_L_A	0.11717619047619049	0.0	0.692
4khx_H_L_A	0.11717619047619049	0.0	0.692
7kde_M_N_E	0.11498095238095238	0.0	0.623
6bf4_B_C_A	0.11495952380952382	0.0	0.454
7lg6_H_L_A	0.11480238095238095	0.0	0.435
7ll1_H_L_A	0.11480238095238095	0.0	0.439
7ll1_J_K_G	0.11480238095238095	0.0	0.439
7klc_H_L_A	0.11430198412698413	0.0	0.443
6nf2_H_L_B	0.11385833333333334	0.0	0.445
1e6j_H_L_P	0.11259345238095238	0.0	0.411
6dc5_B_C_A	0.11177182539682541	0.0	0.475
3ma9_H_L_A	0.11108095238095238	0.0	0.692
5t3s_D_E_B	0.11106706349206348	0.0	0.604
5utf_D_E_B	0.11106706349206348	0.0	0.601
5uty_D_E_B	0.11106706349206348	0.0	0.601
6ce0_D_E_B	0.11106706349206348	0.0	0.601
6ch7_D_E_B	0.11106706349206348	0.0	0.601
6ck9_D_E_B	0.11106706349206348	0.0	0.282
6de7_D_E_B	0.11106706349206348	0.0	0.601
6ieq_D_E_B	0.11106706349206348	0.0	0.604
6mdt_D_E_B	0.11106706349206348	0.0	0.601
6mu8_D_E_B	0.11106706349206348	0.0	0.282
6mug_D_E_B	0.11106706349206348	0.0	0.282
6nnj_D_E_B	0.11106706349206348	0.0	0.296
6w03_D_E_B	0.11106706349206348	0.0	0.282
6wix_D_E_B	0.11106706349206348	0.0	0.282
7tfo_H_L_A	0.11077142857142859	0.0	0.711
6osy_H_L_A	0.1097607142857143	0.0	0.417
6x97_E_F_C	0.10949404761904763	0.0	0.36
6u0l_H_L_A	0.1093827380952381	0.0	0.702
6u0l_I_J_B	0.1093827380952381	0.0	0.702
6u0l_P_Q_C	0.1093827380952381	0.0	0.702
6nfc_J_M_G	0.10799861111111113	0.133	0.323
4r4f_H_L_A	0.10779107142857144	0.0	0.452
6ofi_H_L_G	0.10695257936507938	0.0	0.512
6xcj_H_L_G	0.10681130952380953	0.0	0.487
5f9o_H_L_G	0.10568452380952381	0.0	0.434
7tfn_P_Q_C	0.10553452380952381	0.0	0.574
6opa_S_R_G	0.1051517316017316	0.0	0.563
4jan_A_B_I	0.10370476190476192	0.0	0.578
6dc3_H_L_F	0.10109583333333334	0.0	0.639
3j70_A_B_D	0.10071924603174603	0.0	0.479
4ydj_A_B_I	0.10042857142857144	0.0	0.608
4ydj_H_L_G	0.10042857142857144	0.0	0.608
5f96_H_L_G	0.09994166666666665	0.0	0.44
5w4l_B_C_A	0.09968809523809524	0.0	0.503
4lsp_H_L_G	0.09897738095238094	0.0	0.451
6mto_H_L_T	0.09884047619047619	0.0	0.485
4rx4_A_D_E	0.09879047619047619	0.0	0.463
4rx4_H_L_G	0.09879047619047619	0.0	0.463
4xmp_H_L_G	0.09755079365079365	0.0	0.434
6fy1_H_L_G	0.097525	0.0	0.637
5aco_G_J_C	0.09743214285714286	0.0	0.608
4rwy_H_L_A	0.09739404761904763	0.0	0.467
6oz3_H_L_G	0.09739285714285714	0.0	0.595
6udk_D_E_G	0.09737976190476191	0.0	0.408
6udk_M_N_R	0.09737976190476191	0.0	0.408
1n5y_H_L_B	0.0972607142857143	0.0	0.371
1n6q_H_L_B	0.0972607142857143	0.0	0.371
6mpg_3_4_A	0.0970577922077922	0.0	0.269
7jks_H_L_G	0.09326130952380951	0.0	0.416
5wb9_H_L_G	0.09142559523809522	0.0	0.454
6ot1_A_C_O	0.09044523809523809	0.0	0.43
4s1s_H_L_G	0.09024761904761905	0.0	0.462
4xny_H_L_G	0.09023809523809523	0.0	0.446
5cd5_C_D_A	0.08982678571428572	0.0	0.47
6b0n_D_E_G	0.0885047619047619	0.0	0.643
5v8l_I_M_D	0.08684305555555555	0.0	0.459
7ly9_A_M_K	0.08684305555555555	0.0	0.459
7ly9_B_C_G	0.08684305555555555	0.0	0.459
7pc2_G_H_C	0.08684305555555555	0.0	0.459
7pc2_K_L_A	0.08684305555555555	0.0	0.459
1gc1_H_L_G	0.08597261904761903	0.0	0.496
1yyl_H_L_G	0.08597261904761903	0.0	0.5
2i60_H_L_G	0.08597261904761903	0.0	0.5
2nxy_D_C_A	0.08597261904761903	0.0	0.5
2nxz_D_C_A	0.08597261904761903	0.0	0.5
2ny0_D_C_A	0.08597261904761903	0.0	0.5
2ny1_D_C_A	0.08597261904761903	0.0	0.5
2ny4_D_C_A	0.08597261904761903	0.0	0.5
2ny5_H_L_G	0.08597261904761903	0.0	0.5
2ny6_D_C_A	0.08597261904761903	0.0	0.5
6cm3_K_J_D	0.08597261904761903	0.0	0.5
6cm3_O_N_E	0.08597261904761903	0.0	0.5
6opp_G_I_D	0.08597261904761903	0.0	0.497
6opp_H_L_A	0.08597261904761903	0.0	0.497
6x5b_H_L_A	0.08597261904761903	0.0	0.497
7lo6_H_G_E	0.08597261904761903	0.0	0.492
7lok_K_J_A	0.08597261904761903	0.0	0.492
7lok_M_L_C	0.08597261904761903	0.0	0.492
7rai_H_L_A	0.08441607142857144	0.0	0.436
7ll2_I_J_C	0.08437916666666667	0.0	0.421
4jpv_H_L_G	0.08364940476190476	0.0	0.459
4lsv_H_L_G	0.08364940476190476	0.0	0.459
6chb_J_K_G	0.08259880952380953	0.0	0.557
6dfg_H_L_A	0.08259880952380953	0.0	0.574
4j6r_H_L_G	0.0815702380952381	0.0	0.49
6chb_M_N_F	0.08142976190476192	0.0	0.651
6mph_1_2_6	0.07902083333333335	0.0	0.243
7llk_C_D_A	0.07887559523809523	0.0	0.584
4lsu_H_L_G	0.07846984126984129	0.0	0.626
4ydl_H_L_G	0.07511904761904764	0.0	0.448
5te4_H_L_G	0.07506011904761906	0.0	0.454
5te7_H_L_G	0.07506011904761906	0.0	0.454
4jb9_H_L_G	0.07499761904761906	0.0	0.431
6p8n_B_D_A	0.07491071428571429	0.0	0.503
3ngb_B_C_A	0.07450119047619047	0.0	0.448
4lss_H_L_G	0.07450119047619047	0.0	0.453
6v8x_C_D_A	0.07450119047619047	0.0	0.449
6vlw_H_L_G	0.07450119047619047	0.0	0.448
6udj_D_E_P	0.06951249999999999	0.0	0.333
3u7y_H_L_G	0.06927142857142857	0.0	0.451
4xnz_B_C_A	0.06853095238095239	0.0	0.436
4xnz_E_F_D	0.06853095238095239	0.0	0.436
4olx_H_L_G	0.06830000000000001	0.0	0.459
2ny7_H_L_G	0.06792261904761904	0.0	0.486
5vn8_I_K_E	0.06792261904761904	0.0	0.486
4olw_H_L_G	0.0677	0.0	0.459
4om1_H_L_G	0.06504285714285714	0.0	0.457
3j5m_D_C_A	0.06260238095238095	0.0	0.439
6crq_D_E_A	0.06260238095238095	0.0	0.439
6crq_I_K_B	0.06260238095238095	0.0	0.439
6vo3_G_J_C	0.06260238095238095	0.0	0.439
7rsn_E_J_C	0.06260238095238095	0.0	0.438
7rso_G_J_C	0.06260238095238095	0.0	0.438
4xvt_H_L_G	0.06132857142857143	0.0	0.464
4cc8_F_J_D	0.060047619047619044	0.0	0.44
4cc8_H_L_E	0.060047619047619044	0.0	0.44
6cde_5_6_2	0.060047619047619044	0.0	0.435
6cdi_8_7_2	0.060047619047619044	0.0	0.404
6cuf_8_7_2	0.060047619047619044	0.0	0.246
6mpg_8_7_2	0.060047619047619044	0.0	0.404
6mph_g_i_B	0.060047619047619044	0.0	0.404
6n1v_Q_R_C	0.060047619047619044	0.0	0.243
6n1w_Q_R_c	0.060047619047619044	0.0	0.246
6nf2_C_D_G	0.060047619047619044	0.0	0.44
6osy_F_E_B	0.060047619047619044	0.0	0.442
6osy_P_O_K	0.060047619047619044	0.0	0.442
6ot1_J_K_E	0.060047619047619044	0.0	0.442
6v8z_C_F_A	0.060047619047619044	0.0	0.439
