abname	sesascore	episim	absim
4olx_H_L_G	0.505597619047619	0.59	0.915
4om1_H_L_G	0.5045059523809523	0.545	0.923
4olw_H_L_G	0.5014226190476191	0.615	0.911
3u7y_H_L_G	0.430097619047619	1.0	1.0
3ngb_B_C_A	0.4033369047619047	0.658	0.894
4lss_H_L_G	0.4033369047619047	0.548	0.894
6v8x_C_D_A	0.4033369047619047	0.302	0.889
6vlw_H_L_G	0.4033369047619047	0.0	0.908
4xvt_H_L_G	0.3841738095238095	0.622	0.805
4cc8_F_J_D	0.3604517857142857	0.0	0.638
4cc8_H_L_E	0.3604517857142857	0.0	0.638
6cde_5_6_2	0.3604517857142857	0.292	0.628
6cdi_8_7_2	0.3604517857142857	0.354	0.446
6cuf_8_7_2	0.3604517857142857	0.34	0.279
6mpg_8_7_2	0.3604517857142857	0.319	0.446
6mph_g_i_B	0.3604517857142857	0.347	0.446
6n1v_Q_R_C	0.3604517857142857	0.283	0.279
6n1w_Q_R_c	0.3604517857142857	0.348	0.279
6nf2_C_D_G	0.3604517857142857	0.304	0.641
6osy_F_E_B	0.3604517857142857	0.255	0.641
6osy_P_O_K	0.3604517857142857	0.244	0.641
6ot1_J_K_E	0.3604517857142857	0.271	0.641
6v8z_C_F_A	0.3604517857142857	0.298	0.632
5te4_H_L_G	0.3488880952380953	0.286	0.613
5te7_H_L_G	0.3488880952380953	0.391	0.613
4xnz_B_C_A	0.3353541666666667	0.581	0.636
4xnz_E_F_D	0.3353541666666667	0.564	0.636
3j5m_D_C_A	0.2936730158730159	0.349	0.636
6crq_D_E_A	0.2936730158730159	0.333	0.636
6crq_I_K_B	0.2936730158730159	0.357	0.636
6vo3_G_J_C	0.2936730158730159	0.395	0.636
7rsn_E_J_C	0.2936730158730159	0.267	0.637
7rso_G_J_C	0.2936730158730159	0.364	0.637
4jb9_H_L_G	0.2846922619047619	0.558	0.645
6udj_D_E_P	0.28269264069264066	0.292	0.431
7jks_H_L_G	0.2674357142857143	0.326	0.518
5v8l_I_M_D	0.25760079365079364	0.318	0.625
7ly9_A_M_K	0.25760079365079364	0.326	0.625
7ly9_B_C_G	0.25760079365079364	0.319	0.625
7pc2_G_H_C	0.25760079365079364	0.395	0.625
7pc2_K_L_A	0.25760079365079364	0.385	0.625
6chb_M_N_F	0.25739940476190476	0.356	0.465
6p8n_B_D_A	0.2564619047619047	0.0	0.669
4j6r_H_L_G	0.2517416666666667	0.388	0.682
6udk_D_E_G	0.24472121212121212	0.356	0.574
6udk_M_N_R	0.24472121212121212	0.28	0.574
4jpv_H_L_G	0.23990714285714285	0.439	0.625
4lsv_H_L_G	0.23990714285714285	0.419	0.625
4lsu_H_L_G	0.22982240259740264	0.732	0.487
6b0n_D_E_G	0.22898333333333332	0.319	0.494
5cd5_C_D_A	0.22830297619047618	0.5	0.652
4s1s_H_L_G	0.21765	0.5	0.768
2ny7_H_L_G	0.20870773809523807	0.204	0.643
5vn8_I_K_E	0.20870773809523807	0.148	0.643
4lsp_H_L_G	0.20816369047619046	0.512	0.618
6oz3_H_L_G	0.1987642857142857	0.475	0.468
5wb9_H_L_G	0.190990854978355	0.526	0.646
7tfn_P_Q_C	0.18991071428571427	0.269	0.456
5f96_H_L_G	0.18450833333333336	0.439	0.639
4ydl_H_L_G	0.18268403679653678	0.615	0.672
5f9o_H_L_G	0.180725	0.381	0.659
4xny_H_L_G	0.15835357142857143	0.385	0.667
4rx4_A_D_E	0.15828869047619049	0.46	0.628
4rx4_H_L_G	0.15828869047619049	0.431	0.628
4ye4_H_L_G	0.15407770562770565	0.273	0.572
7tfo_H_L_A	0.1531952380952381	0.212	0.472
4rwy_H_L_A	0.15260714285714289	0.429	0.634
7ll2_I_J_C	0.1509511904761905	0.366	0.599
4xmp_H_L_G	0.1484969696969697	0.444	0.667
6fy1_H_L_G	0.14681607142857142	0.0	0.459
4jan_A_B_I	0.1438059523809524	0.244	0.433
3j70_A_B_D	0.14165732323232322	0.0	0.606
7llk_C_D_A	0.13915357142857143	0.333	0.434
4ydj_A_B_I	0.1354957792207792	0.286	0.44
4ydj_H_L_G	0.1354957792207792	0.255	0.44
6opa_S_R_G	0.1339545634920635	0.255	0.407
3hi1_B_A_J	0.13140833333333332	0.093	0.634
6dc3_H_L_F	0.12503582251082251	0.0	0.448
4r4f_H_L_A	0.12336488095238098	0.0	0.588
7mxe_R_W_J	0.12233154761904763	0.0	0.405
1e6j_H_L_P	0.12067499999999999	0.0	0.416
5a8h_L_K_G	0.11804577922077922	0.024	0.601
5a8h_R_Q_M	0.11804577922077922	0.067	0.601
5thr_P_Q_C	0.11804577922077922	0.0	0.601
6cm3_T_U_C	0.11804577922077922	0.0	0.601
6bf4_B_C_A	0.11652896825396826	0.0	0.604
5vj6_M_N_B	0.11594577922077923	0.0	0.604
7klc_H_L_A	0.11297474747474749	0.039	0.591
6nfc_J_M_G	0.11249186507936507	0.0	0.265
6mph_1_2_6	0.11106423160173161	0.0	0.25
6x97_E_F_C	0.11022738095238097	0.0	0.366
6chb_J_K_G	0.10861468253968255	0.0	0.421
6dfg_H_L_A	0.10861468253968255	0.0	0.424
6p62_C_D_B	0.10814464285714284	0.233	0.382
5w4l_B_C_A	0.10807916666666668	0.0	0.681
6xcj_H_L_G	0.10741179792429793	0.136	0.667
6orp_H_L_G	0.10626111111111113	0.0	0.417
6orp_J_K_I	0.10626111111111113	0.0	0.417
4ybl_H_L_G	0.10524087301587302	0.0	0.436
6mpg_3_4_A	0.10505753968253968	0.0	0.243
4ywg_H_L_G	0.10491666666666667	0.0	0.605
3p30_H_L_A	0.10408075396825396	0.0	0.451
4rfo_H_L_G	0.1037515873015873	0.0	0.434
5kjr_H_L_G	0.1037515873015873	0.0	0.434
6ofi_H_L_G	0.10360158730158732	0.0	0.664
3u4e_A_B_J	0.10214047619047618	0.0	0.44
5aco_G_J_C	0.09995609668109671	0.0	0.436
6osy_H_L_A	0.09975277777777777	0.0	0.54
6ot1_A_C_O	0.09927732683982685	0.0	0.536
7rai_H_L_A	0.0989625	0.0	0.568
4yc2_B_C_A	0.09839920634920635	0.0	0.436
6nf2_H_L_B	0.09827857142857145	0.0	0.598
7kde_M_N_E	0.09823387445887447	0.0	0.428
7lg6_H_L_A	0.09440833333333333	0.24	0.619
7ll1_H_L_A	0.09440833333333333	0.261	0.612
7ll1_J_K_G	0.09440833333333333	0.267	0.612
5ukr_H_L_G	0.09286309523809524	0.0	0.416
6u0l_H_L_A	0.09068690476190477	0.044	0.442
6u0l_I_J_B	0.09068690476190477	0.042	0.442
6u0l_P_Q_C	0.09068690476190477	0.044	0.442
1n5y_H_L_B	0.08896666666666667	0.0	0.42
1n6q_H_L_B	0.08896666666666667	0.0	0.42
3mac_H_L_A	0.0861375	0.0	0.454
4khx_H_L_A	0.0861375	0.0	0.454
6dc5_B_C_A	0.08522835497835499	0.0	0.655
3vrl_H_L_C	0.08376071428571427	0.0	0.424
6mto_H_L_T	0.08323030303030303	0.0	0.646
3ma9_H_L_A	0.0814029761904762	0.0	0.454
1gc1_H_L_G	0.05742499999999999	0.0	0.635
1yyl_H_L_G	0.05742499999999999	0.02	0.642
2i60_H_L_G	0.05742499999999999	0.021	0.642
2nxy_D_C_A	0.05742499999999999	0.021	0.642
2nxz_D_C_A	0.05742499999999999	0.021	0.642
2ny0_D_C_A	0.05742499999999999	0.022	0.642
2ny1_D_C_A	0.05742499999999999	0.021	0.642
2ny4_D_C_A	0.05742499999999999	0.021	0.642
2ny5_H_L_G	0.05742499999999999	0.021	0.642
2ny6_D_C_A	0.05742499999999999	0.021	0.642
6cm3_K_J_D	0.05742499999999999	0.021	0.642
6cm3_O_N_E	0.05742499999999999	0.021	0.642
6opp_G_I_D	0.05742499999999999	0.02	0.639
6opp_H_L_A	0.05742499999999999	0.0	0.639
6x5b_H_L_A	0.05742499999999999	0.02	0.639
7lo6_H_G_E	0.05742499999999999	0.0	0.64
7lok_K_J_A	0.05742499999999999	0.021	0.64
7lok_M_L_C	0.05742499999999999	0.021	0.64
5t3z_H_L_G	0.0499	0.0	0.437
6ccb_H_L_G	0.0499	0.0	0.435
6orn_F_I_K	0.0499	0.0	0.437
6mtj_H_L_G	0.04709166666666667	0.0	0.429
6mu6_H_L_G	0.04709166666666667	0.0	0.429
6nm6_H_L_G	0.04709166666666667	0.0	0.429
6nnj_H_L_G	0.04709166666666667	0.0	0.429
6vzi_H_L_G	0.04709166666666667	0.0	0.429
5d9q_H_L_G	0.03825714285714286	0.0	0.432
5d9q_N_M_J	0.03825714285714286	0.0	0.432
5u7m_H_L_G	0.03825714285714286	0.0	0.431
5u7o_H_L_G	0.03825714285714286	0.0	0.431
5utf_H_L_G	0.03825714285714286	0.0	0.431
6b0n_H_L_G	0.03825714285714286	0.0	0.431
6cdi_5_6_2	0.03825714285714286	0.0	0.244
6cuf_5_6_2	0.03825714285714286	0.0	0.245
6cuf_M_N_C	0.03825714285714286	0.0	0.245
6mph_M_N_C	0.03825714285714286	0.0	0.244
6n1w_5_6_C	0.03825714285714286	0.0	0.245
6n1w_m_n_2	0.03825714285714286	0.0	0.245
6nf2_E_F_G	0.03825714285714286	0.0	0.431
6osy_C_D_B	0.03825714285714286	0.0	0.431
6ot1_F_I_E	0.03825714285714286	0.0	0.431
5t3s_D_E_B	0.038200000000000005	0.0	0.453
5utf_D_E_B	0.038200000000000005	0.0	0.451
5uty_D_E_B	0.038200000000000005	0.0	0.451
6ce0_D_E_B	0.038200000000000005	0.0	0.451
6ch7_D_E_B	0.038200000000000005	0.0	0.451
6ck9_D_E_B	0.038200000000000005	0.0	0.27
6de7_D_E_B	0.038200000000000005	0.0	0.451
6ieq_D_E_B	0.038200000000000005	0.0	0.453
6mdt_D_E_B	0.038200000000000005	0.0	0.451
6mu8_D_E_B	0.038200000000000005	0.0	0.27
6mug_D_E_B	0.038200000000000005	0.0	0.27
6nnj_D_E_B	0.038200000000000005	0.0	0.269
6w03_D_E_B	0.038200000000000005	0.0	0.27
6wix_D_E_B	0.038200000000000005	0.0	0.27
4r2g_D_C_O	0.03631190476190476	0.0	0.439
