abname	sesascore	episim	absim
4om1_H_L_G	0.5578742063492065	0.478	0.671
4olw_H_L_G	0.556478373015873	0.4	0.668
4olx_H_L_G	0.5509402777777779	0.378	0.671
3u7y_H_L_G	0.49290515873015867	0.385	0.667
4xvt_H_L_G	0.47389920634920635	0.429	0.684
3ngb_B_C_A	0.4723599206349206	0.432	0.67
4lss_H_L_G	0.4723599206349206	0.444	0.676
6v8x_C_D_A	0.4723599206349206	0.333	0.669
6vlw_H_L_G	0.4723599206349206	0.0	0.669
4cc8_F_J_D	0.4123738095238095	0.0	0.644
4cc8_H_L_E	0.4123738095238095	0.0	0.644
6cde_5_6_2	0.4123738095238095	0.378	0.635
6cdi_8_7_2	0.4123738095238095	0.413	0.454
6cuf_8_7_2	0.4123738095238095	0.4	0.283
6mpg_8_7_2	0.4123738095238095	0.378	0.454
6mph_g_i_B	0.4123738095238095	0.435	0.454
6n1v_Q_R_C	0.4123738095238095	0.372	0.28
6n1w_Q_R_c	0.4123738095238095	0.409	0.283
6nf2_C_D_G	0.4123738095238095	0.429	0.645
6osy_F_E_B	0.4123738095238095	0.311	0.647
6osy_P_O_K	0.4123738095238095	0.333	0.647
6ot1_J_K_E	0.4123738095238095	0.386	0.647
6v8z_C_F_A	0.4123738095238095	0.356	0.639
3j5m_D_C_A	0.4105958333333333	0.415	0.627
6crq_D_E_A	0.4105958333333333	0.333	0.627
6crq_I_K_B	0.4105958333333333	0.357	0.627
6vo3_G_J_C	0.4105958333333333	0.395	0.627
7rsn_E_J_C	0.4105958333333333	0.295	0.626
7rso_G_J_C	0.4105958333333333	0.364	0.626
5v8l_I_M_D	0.3607101190476192	0.381	0.582
7ly9_A_M_K	0.3607101190476192	0.356	0.582
7ly9_B_C_G	0.3607101190476192	0.378	0.582
7pc2_G_H_C	0.3607101190476192	0.359	0.582
7pc2_K_L_A	0.3607101190476192	0.385	0.582
4xnz_B_C_A	0.3535241883116883	0.447	0.662
4xnz_E_F_D	0.3535241883116883	0.419	0.662
4jpv_H_L_G	0.3367309523809524	0.341	0.582
4lsv_H_L_G	0.3367309523809524	0.386	0.582
6p8n_B_D_A	0.3173746336996337	0.0	0.666
5te4_H_L_G	0.3039138888888889	0.4	0.611
5te7_H_L_G	0.3039138888888889	0.422	0.611
4jb9_H_L_G	0.30037202380952377	0.367	0.646
6chb_M_N_F	0.2923678571428571	0.356	0.455
4lsu_H_L_G	0.274343253968254	0.365	0.481
4j6r_H_L_G	0.2661529761904762	0.36	0.648
7jks_H_L_G	0.2658722222222223	0.386	0.492
4s1s_H_L_G	0.26135039682539685	0.364	0.668
5wb9_H_L_G	0.24025019841269843	0.349	0.619
5f9o_H_L_G	0.2330878787878788	0.318	0.618
4lsp_H_L_G	0.22960079365079367	0.409	0.61
6b0n_D_E_G	0.22921666666666668	0.319	0.461
5cd5_C_D_A	0.22194424603174603	0.429	0.65
5f96_H_L_G	0.2217154761904762	0.372	0.601
2ny7_H_L_G	0.2212805555555556	0.18	0.638
5vn8_I_K_E	0.2212805555555556	0.148	0.638
6oz3_H_L_G	0.2166451127819549	0.405	0.457
4ydl_H_L_G	0.20932694805194804	0.4	0.66
4xny_H_L_G	0.20297423687423685	1.0	1.0
6udj_D_E_P	0.19872676767676764	0.378	0.425
4xmp_H_L_G	0.19071173687423687	0.773	0.78
7llk_C_D_A	0.1906702380952381	0.333	0.414
4rx4_A_D_E	0.17623353174603176	0.431	0.612
4rx4_H_L_G	0.17623353174603176	0.49	0.612
6udk_D_E_G	0.17107141053391056	0.326	0.554
6udk_M_N_R	0.17107141053391056	0.306	0.554
7ll2_I_J_C	0.16949166666666668	0.436	0.583
4rwy_H_L_A	0.16660178571428572	0.429	0.611
4jan_A_B_I	0.1649392857142857	0.244	0.419
4ydj_A_B_I	0.15372440476190474	0.235	0.431
4ydj_H_L_G	0.15372440476190474	0.208	0.431
4r4f_H_L_A	0.1436289987789988	0.0	0.604
4ye4_H_L_G	0.13869861111111112	0.302	0.57
6opa_S_R_G	0.13384166666666666	0.255	0.415
7tfn_P_Q_C	0.13097916666666667	0.32	0.425
7tfo_H_L_A	0.13064226190476194	0.26	0.447
1e6j_H_L_P	0.1303855158730159	0.0	0.446
6nfc_J_M_G	0.12823690476190475	0.0	0.255
7kde_M_N_E	0.12778988095238095	0.0	0.427
4ywg_H_L_G	0.12592940809190808	0.0	0.594
7mxe_R_W_J	0.12412896825396826	0.0	0.391
6dc3_H_L_F	0.12343068181818184	0.0	0.429
3j70_A_B_D	0.12158333333333332	0.0	0.599
7rai_H_L_A	0.11827500000000002	0.0	0.564
5aco_G_J_C	0.11811527777777779	0.0	0.42
6ot1_A_C_O	0.11719166666666668	0.0	0.53
6mph_1_2_6	0.1166702380952381	0.0	0.25
6ofi_H_L_G	0.11625912698412698	0.0	0.659
6xcj_H_L_G	0.11538630952380952	0.155	0.643
6p62_C_D_B	0.11479920634920636	0.262	0.393
6mpg_3_4_A	0.11136742424242427	0.0	0.245
3p30_H_L_A	0.11053333333333334	0.0	0.446
7klc_H_L_A	0.11040357142857142	0.104	0.584
5vj6_M_N_B	0.11018905122655123	0.0	0.582
3hi1_B_A_J	0.10971666666666668	0.135	0.635
6bf4_B_C_A	0.10908849206349207	0.0	0.596
6fy1_H_L_G	0.10882307692307693	0.0	0.458
3u4e_A_B_J	0.10840833333333331	0.0	0.415
6x97_E_F_C	0.10750416666666668	0.0	0.367
6u0l_H_L_A	0.1068517857142857	0.0	0.43
6u0l_I_J_B	0.1068517857142857	0.0	0.43
6u0l_P_Q_C	0.1068517857142857	0.0	0.43
5ukr_H_L_G	0.10517857142857143	0.037	0.423
5a8h_L_K_G	0.10465095598845599	0.024	0.579
5a8h_R_Q_M	0.10465095598845599	0.043	0.579
5thr_P_Q_C	0.10465095598845599	0.0	0.579
6cm3_T_U_C	0.10465095598845599	0.0	0.579
6orp_H_L_G	0.10413670634920637	0.0	0.404
6orp_J_K_I	0.10413670634920637	0.0	0.404
5w4l_B_C_A	0.10350952380952382	0.0	0.647
7lg6_H_L_A	0.1029	0.378	0.594
7ll1_H_L_A	0.1029	0.415	0.596
7ll1_J_K_G	0.1029	0.425	0.596
4yc2_B_C_A	0.10249821428571429	0.0	0.419
6chb_J_K_G	0.10164960317460317	0.0	0.418
6dfg_H_L_A	0.10164960317460317	0.0	0.424
4ybl_H_L_G	0.10154583333333332	0.0	0.419
4rfo_H_L_G	0.0996375	0.0	0.431
5kjr_H_L_G	0.0996375	0.0	0.431
3ma9_H_L_A	0.0965486111111111	0.0	0.446
6mto_H_L_T	0.09542083333333334	0.0	0.632
3vrl_H_L_C	0.09437916666666668	0.0	0.426
3mac_H_L_A	0.0933375	0.0	0.446
4khx_H_L_A	0.0933375	0.0	0.446
1n5y_H_L_B	0.08808214285714286	0.0	0.413
1n6q_H_L_B	0.08808214285714286	0.0	0.413
6osy_H_L_A	0.08784047619047619	0.0	0.513
6nf2_H_L_B	0.08780454545454547	0.0	0.58
6dc5_B_C_A	0.08735000000000001	0.0	0.64
1gc1_H_L_G	0.05827916666666667	0.0	0.623
1yyl_H_L_G	0.05827916666666667	0.0	0.625
2i60_H_L_G	0.05827916666666667	0.0	0.625
2nxy_D_C_A	0.05827916666666667	0.0	0.625
2nxz_D_C_A	0.05827916666666667	0.0	0.625
2ny0_D_C_A	0.05827916666666667	0.0	0.625
2ny1_D_C_A	0.05827916666666667	0.0	0.625
2ny4_D_C_A	0.05827916666666667	0.0	0.625
2ny5_H_L_G	0.05827916666666667	0.0	0.625
2ny6_D_C_A	0.05827916666666667	0.0	0.625
6cm3_K_J_D	0.05827916666666667	0.0	0.625
6cm3_O_N_E	0.05827916666666667	0.0	0.625
6opp_G_I_D	0.05827916666666667	0.0	0.628
6opp_H_L_A	0.05827916666666667	0.0	0.628
6x5b_H_L_A	0.05827916666666667	0.0	0.628
7lo6_H_G_E	0.05827916666666667	0.0	0.617
7lok_K_J_A	0.05827916666666667	0.0	0.617
7lok_M_L_C	0.05827916666666667	0.0	0.617
5t3z_H_L_G	0.04696153846153846	0.0	0.421
6ccb_H_L_G	0.04696153846153846	0.0	0.421
6orn_F_I_K	0.04696153846153846	0.0	0.421
5t3s_D_E_B	0.04543888888888889	0.0	0.432
5utf_D_E_B	0.04543888888888889	0.0	0.432
5uty_D_E_B	0.04543888888888889	0.0	0.432
6ce0_D_E_B	0.04543888888888889	0.0	0.43
6ch7_D_E_B	0.04543888888888889	0.0	0.43
6ck9_D_E_B	0.04543888888888889	0.0	0.269
6de7_D_E_B	0.04543888888888889	0.0	0.432
6ieq_D_E_B	0.04543888888888889	0.0	0.432
6mdt_D_E_B	0.04543888888888889	0.0	0.43
6mu8_D_E_B	0.04543888888888889	0.0	0.269
6mug_D_E_B	0.04543888888888889	0.0	0.269
6nnj_D_E_B	0.04543888888888889	0.0	0.266
6w03_D_E_B	0.04543888888888889	0.0	0.269
6wix_D_E_B	0.04543888888888889	0.0	0.269
6mtj_H_L_G	0.04008333333333334	0.0	0.422
6mu6_H_L_G	0.04008333333333334	0.0	0.422
6nm6_H_L_G	0.04008333333333334	0.0	0.422
6nnj_H_L_G	0.04008333333333334	0.0	0.422
6vzi_H_L_G	0.04008333333333334	0.0	0.422
4r2g_D_C_O	0.03995833333333334	0.0	0.427
5d9q_H_L_G	0.03675	0.0	0.427
5d9q_N_M_J	0.03675	0.0	0.427
5u7m_H_L_G	0.03675	0.0	0.428
5u7o_H_L_G	0.03675	0.0	0.428
5utf_H_L_G	0.03675	0.0	0.428
6b0n_H_L_G	0.03675	0.0	0.428
6cdi_5_6_2	0.03675	0.0	0.241
6cuf_5_6_2	0.03675	0.0	0.24
6cuf_M_N_C	0.03675	0.0	0.24
6mph_M_N_C	0.03675	0.0	0.241
6n1w_5_6_C	0.03675	0.0	0.24
6n1w_m_n_2	0.03675	0.0	0.24
6nf2_E_F_G	0.03675	0.0	0.428
6osy_C_D_B	0.03675	0.0	0.428
6ot1_F_I_E	0.03675	0.0	0.428
