abname	sesascore	episim	absim
4cc8_F_J_D	0.35796349206349204	0.0	0.817
4cc8_H_L_E	0.35796349206349204	0.0	0.817
6cde_5_6_2	0.35796349206349204	0.417	0.807
6cdi_8_7_2	0.35796349206349204	0.5	0.602
6cuf_8_7_2	0.35796349206349204	0.486	0.405
6mpg_8_7_2	0.35796349206349204	0.457	0.602
6mph_g_i_B	0.35796349206349204	0.486	0.602
6n1v_Q_R_C	0.35796349206349204	0.412	0.404
6n1w_Q_R_c	0.35796349206349204	0.5	0.405
6nf2_C_D_G	0.35796349206349204	0.441	0.818
6osy_F_E_B	0.35796349206349204	0.371	0.821
6osy_P_O_K	0.35796349206349204	0.364	0.821
6ot1_J_K_E	0.35796349206349204	0.351	0.821
6v8z_C_F_A	0.35796349206349204	0.389	0.811
3ngb_B_C_A	0.3545599206349206	0.677	0.652
4lss_H_L_G	0.3545599206349206	0.459	0.655
6v8x_C_D_A	0.3545599206349206	0.406	0.648
6vlw_H_L_G	0.3545599206349206	0.0	0.654
3u7y_H_L_G	0.33245535714285723	0.564	0.636
4olx_H_L_G	0.3109136904761905	0.759	0.65
4om1_H_L_G	0.3048279761904762	0.781	0.656
4xvt_H_L_G	0.3022136904761905	0.531	0.659
4olw_H_L_G	0.2987136904761905	0.793	0.647
4xnz_B_C_A	0.28228730158730153	0.629	1.0
4xnz_E_F_D	0.28228730158730153	1.0	1.0
4lsp_H_L_G	0.2820843253968254	0.645	0.593
4jb9_H_L_G	0.252390873015873	0.697	0.804
6p8n_B_D_A	0.24587678571428573	0.0	0.642
4j6r_H_L_G	0.2442551587301587	0.425	0.633
3j5m_D_C_A	0.24370575396825395	0.469	0.662
6crq_D_E_A	0.24370575396825395	0.452	0.662
6crq_I_K_B	0.24370575396825395	0.438	0.662
6vo3_G_J_C	0.24370575396825395	0.531	0.662
7rsn_E_J_C	0.24370575396825395	0.394	0.66
7rso_G_J_C	0.24370575396825395	0.485	0.66
5te4_H_L_G	0.21860099206349204	0.405	0.611
5te7_H_L_G	0.21860099206349204	0.472	0.611
4ydl_H_L_G	0.21646424963924965	0.793	0.679
4s1s_H_L_G	0.21341666666666664	0.633	0.638
4lsu_H_L_G	0.21243511904761908	0.538	0.466
7jks_H_L_G	0.21011666666666665	0.389	0.492
4jpv_H_L_G	0.2039619047619048	0.6	0.594
4lsv_H_L_G	0.2039619047619048	0.562	0.594
7llk_C_D_A	0.19993876262626267	0.452	0.42
4jan_A_B_I	0.1980121336996337	0.286	0.435
2ny7_H_L_G	0.1928291666666667	0.231	0.632
5vn8_I_K_E	0.1928291666666667	0.157	0.632
5v8l_I_M_D	0.18750952380952382	0.424	0.594
7ly9_A_M_K	0.18750952380952382	0.389	0.594
7ly9_B_C_G	0.18750952380952382	0.417	0.594
7pc2_G_H_C	0.18750952380952382	0.556	0.594
7pc2_K_L_A	0.18750952380952382	0.536	0.594
5wb9_H_L_G	0.18375714285714287	0.621	0.614
5f9o_H_L_G	0.18326071428571428	0.469	0.627
5f96_H_L_G	0.18218809523809526	0.548	0.593
6b0n_D_E_G	0.17651825396825396	0.457	0.466
6oz3_H_L_G	0.16570238095238096	0.714	0.435
7tfn_P_Q_C	0.16529940476190477	0.279	0.423
5cd5_C_D_A	0.16310357142857143	0.75	0.629
4rx4_A_D_E	0.16022837301587306	0.292	0.615
4rx4_H_L_G	0.16022837301587306	0.319	0.615
6chb_J_K_G	0.15947380952380957	0.0	0.425
6dfg_H_L_A	0.15947380952380957	0.0	0.433
4xny_H_L_G	0.1554337301587302	0.419	0.662
7ll2_I_J_C	0.15530277777777782	0.452	0.572
4xmp_H_L_G	0.15259563492063494	0.396	0.684
6opa_S_R_G	0.15241666666666667	0.333	0.404
4rwy_H_L_A	0.15125873015873018	0.341	0.623
6udk_D_E_G	0.1469357142857143	0.351	0.539
6udk_M_N_R	0.1469357142857143	0.293	0.539
4r4f_H_L_A	0.1450434523809524	0.0	0.584
4ye4_H_L_G	0.14379761904761906	0.364	0.56
7mxe_R_W_J	0.13679345238095236	0.0	0.372
6nfc_J_M_G	0.1337452380952381	0.0	0.256
6fy1_H_L_G	0.13237579365079366	0.0	0.451
6ot1_A_C_O	0.1318202380952381	0.0	0.525
4ydj_A_B_I	0.13166666666666668	0.268	0.433
4ydj_H_L_G	0.13166666666666668	0.233	0.433
3u4e_A_B_J	0.12863948412698414	0.0	0.426
6x97_E_F_C	0.1261107142857143	0.0	0.364
6dc3_H_L_F	0.12396964285714288	0.0	0.422
1e6j_H_L_P	0.12338154761904763	0.0	0.423
6chb_M_N_F	0.12261428571428573	0.429	0.448
6udj_D_E_P	0.11870952380952382	0.308	0.409
6bf4_B_C_A	0.11800694444444447	0.0	0.605
5d9q_H_L_G	0.11747996031746034	0.0	0.416
5d9q_N_M_J	0.11747996031746034	0.0	0.416
5u7m_H_L_G	0.11747996031746034	0.0	0.417
5u7o_H_L_G	0.11747996031746034	0.0	0.417
5utf_H_L_G	0.11747996031746034	0.0	0.417
6b0n_H_L_G	0.11747996031746034	0.0	0.417
6cdi_5_6_2	0.11747996031746034	0.0	0.242
6cuf_5_6_2	0.11747996031746034	0.0	0.241
6cuf_M_N_C	0.11747996031746034	0.0	0.241
6mph_M_N_C	0.11747996031746034	0.0	0.242
6n1w_5_6_C	0.11747996031746034	0.0	0.241
6n1w_m_n_2	0.11747996031746034	0.0	0.241
6nf2_E_F_G	0.11747996031746034	0.0	0.417
6osy_C_D_B	0.11747996031746034	0.0	0.417
6ot1_F_I_E	0.11747996031746034	0.0	0.417
6mpg_3_4_A	0.1162069264069264	0.0	0.251
6xcj_H_L_G	0.11548333333333334	0.143	0.619
3j70_A_B_D	0.11542916666666668	0.0	0.602
7klc_H_L_A	0.11487202380952383	0.05	0.592
3p30_H_L_A	0.11264117647058823	0.0	0.436
7kde_M_N_E	0.1099309523809524	0.0	0.427
6mtj_H_L_G	0.10902579365079365	0.0	0.421
6mu6_H_L_G	0.10902579365079365	0.0	0.421
6nm6_H_L_G	0.10902579365079365	0.0	0.421
6nnj_H_L_G	0.10902579365079365	0.0	0.421
6vzi_H_L_G	0.10902579365079365	0.0	0.421
5t3z_H_L_G	0.10855912698412698	0.0	0.416
6ccb_H_L_G	0.10855912698412698	0.0	0.414
6orn_F_I_K	0.10855912698412698	0.0	0.416
5ukr_H_L_G	0.10851645021645023	0.0	0.409
6p62_C_D_B	0.1084757575757576	0.273	0.377
5vj6_M_N_B	0.10841130952380953	0.0	0.563
5a8h_L_K_G	0.10836369047619047	0.028	0.561
5a8h_R_Q_M	0.10836369047619047	0.024	0.561
5thr_P_Q_C	0.10836369047619047	0.0	0.561
6cm3_T_U_C	0.10836369047619047	0.0	0.561
6mph_1_2_6	0.10791785714285715	0.0	0.251
5w4l_B_C_A	0.10640396825396826	0.0	0.644
7tfo_H_L_A	0.1052	0.209	0.456
7lg6_H_L_A	0.1037761904761905	0.308	0.6
7ll1_H_L_A	0.1037761904761905	0.306	0.602
7ll1_J_K_G	0.1037761904761905	0.314	0.602
6osy_H_L_A	0.10340992063492062	0.0	0.518
6ofi_H_L_G	0.1006452380952381	0.0	0.644
4ybl_H_L_G	0.1000948717948718	0.0	0.415
3hi1_B_A_J	0.09870595238095238	0.143	0.632
6mto_H_L_T	0.09832301587301588	0.0	0.641
4rfo_H_L_G	0.09818571428571428	0.0	0.422
5kjr_H_L_G	0.09818571428571428	0.0	0.422
3vrl_H_L_C	0.09689761904761905	0.0	0.414
4r2g_D_C_O	0.09494246031746033	0.0	0.427
6u0l_H_L_A	0.09475265151515151	0.0	0.43
6u0l_I_J_B	0.09475265151515151	0.0	0.43
6u0l_P_Q_C	0.09475265151515151	0.0	0.43
6orp_H_L_G	0.09465357142857142	0.0	0.402
6orp_J_K_I	0.09465357142857142	0.0	0.402
1n5y_H_L_B	0.09457559523809525	0.0	0.406
1n6q_H_L_B	0.09457559523809525	0.0	0.406
4yc2_B_C_A	0.094025	0.0	0.415
3mac_H_L_A	0.09362261904761905	0.0	0.444
4khx_H_L_A	0.09362261904761905	0.0	0.444
1gc1_H_L_G	0.09175000000000003	0.0	0.627
1yyl_H_L_G	0.09175000000000003	0.0	0.632
2i60_H_L_G	0.09175000000000003	0.0	0.632
2nxy_D_C_A	0.09175000000000003	0.0	0.632
2nxz_D_C_A	0.09175000000000003	0.0	0.632
2ny0_D_C_A	0.09175000000000003	0.0	0.632
2ny1_D_C_A	0.09175000000000003	0.0	0.632
2ny4_D_C_A	0.09175000000000003	0.0	0.632
2ny5_H_L_G	0.09175000000000003	0.0	0.632
2ny6_D_C_A	0.09175000000000003	0.0	0.632
6cm3_K_J_D	0.09175000000000003	0.0	0.632
6cm3_O_N_E	0.09175000000000003	0.0	0.632
6opp_G_I_D	0.09175000000000003	0.0	0.632
6opp_H_L_A	0.09175000000000003	0.0	0.632
6x5b_H_L_A	0.09175000000000003	0.0	0.632
7lo6_H_G_E	0.09175000000000003	0.0	0.623
7lok_K_J_A	0.09175000000000003	0.0	0.623
7lok_M_L_C	0.09175000000000003	0.0	0.623
4ywg_H_L_G	0.0905452380952381	0.0	0.595
5aco_G_J_C	0.09037857142857143	0.0	0.409
6nf2_H_L_B	0.09019285714285713	0.0	0.591
3ma9_H_L_A	0.0881839285714286	0.0	0.444
7rai_H_L_A	0.0864	0.0	0.572
6dc5_B_C_A	0.07235	0.0	0.632
5t3s_D_E_B	0.056425974025974025	0.0	0.425
5utf_D_E_B	0.056425974025974025	0.0	0.425
5uty_D_E_B	0.056425974025974025	0.0	0.425
6ce0_D_E_B	0.056425974025974025	0.0	0.423
6ch7_D_E_B	0.056425974025974025	0.0	0.423
6ck9_D_E_B	0.056425974025974025	0.0	0.275
6de7_D_E_B	0.056425974025974025	0.0	0.425
6ieq_D_E_B	0.056425974025974025	0.0	0.425
6mdt_D_E_B	0.056425974025974025	0.0	0.423
6mu8_D_E_B	0.056425974025974025	0.0	0.275
6mug_D_E_B	0.056425974025974025	0.0	0.275
6nnj_D_E_B	0.056425974025974025	0.0	0.269
6w03_D_E_B	0.056425974025974025	0.0	0.275
6wix_D_E_B	0.056425974025974025	0.0	0.275
