abname	sesascore	episim	absim
4om1_H_L_G	0.21892083333333334	0.034	0.596
4olw_H_L_G	0.21637083333333337	0.036	0.596
4olx_H_L_G	0.2146958333333334	0.036	0.599
3u7y_H_L_G	0.1989994047619048	0.067	0.601
4xvt_H_L_G	0.1925916666666667	0.05	0.599
4cc8_F_J_D	0.19029067460317464	0.0	0.575
4cc8_H_L_E	0.19029067460317464	0.0	0.575
6cde_5_6_2	0.19029067460317464	0.012	0.566
6cdi_8_7_2	0.19029067460317464	0.023	0.4
6cuf_8_7_2	0.19029067460317464	0.024	0.255
6mpg_8_7_2	0.19029067460317464	0.012	0.4
6mph_g_i_B	0.19029067460317464	0.023	0.4
6n1v_Q_R_C	0.19029067460317464	0.025	0.252
6n1w_Q_R_c	0.19029067460317464	0.024	0.255
6nf2_C_D_G	0.19029067460317464	0.024	0.579
6osy_F_E_B	0.19029067460317464	0.012	0.578
6osy_P_O_K	0.19029067460317464	0.013	0.578
6ot1_J_K_E	0.19029067460317464	0.037	0.578
6v8z_C_F_A	0.19029067460317464	0.012	0.57
4jb9_H_L_G	0.18730138888888892	0.034	0.565
3ngb_B_C_A	0.1847916666666667	0.048	0.592
4lss_H_L_G	0.1847916666666667	0.035	0.597
6v8x_C_D_A	0.1847916666666667	0.0	0.591
6vlw_H_L_G	0.1847916666666667	0.0	0.609
7jks_H_L_G	0.1845392857142857	0.037	0.46
2ny7_H_L_G	0.18447857142857144	0.0	0.586
5vn8_I_K_E	0.18447857142857144	0.0	0.586
4xnz_B_C_A	0.18005555555555558	0.034	0.561
4xnz_E_F_D	0.18005555555555558	0.024	0.561
5te4_H_L_G	0.1768404761904762	0.012	0.588
5te7_H_L_G	0.1768404761904762	0.023	0.588
6p8n_B_D_A	0.17661785714285713	0.0	0.621
4lsp_H_L_G	0.17287896825396826	0.024	0.61
5cd5_C_D_A	0.17110476190476195	0.012	0.616
3j5m_D_C_A	0.1697184523809524	0.038	0.57
6crq_D_E_A	0.1697184523809524	0.026	0.57
6crq_I_K_B	0.1697184523809524	0.038	0.57
6vo3_G_J_C	0.1697184523809524	0.024	0.57
7rsn_E_J_C	0.1697184523809524	0.038	0.572
7rso_G_J_C	0.1697184523809524	0.05	0.572
5f96_H_L_G	0.16694880952380955	0.064	0.585
4lsu_H_L_G	0.16652307692307694	0.022	0.433
4j6r_H_L_G	0.1631577380952381	0.034	0.618
4jpv_H_L_G	0.16235833333333335	0.025	0.6
4lsv_H_L_G	0.16235833333333335	0.024	0.6
7tfn_P_Q_C	0.1620809523809524	0.023	0.439
7llk_C_D_A	0.1612517857142857	0.013	0.414
6oz3_H_L_G	0.16078333333333333	0.025	0.424
5v8l_I_M_D	0.159	0.012	0.6
7ly9_A_M_K	0.159	0.012	0.6
7ly9_B_C_G	0.159	0.024	0.6
7pc2_G_H_C	0.159	0.027	0.6
7pc2_K_L_A	0.159	0.026	0.6
6b0n_D_E_G	0.15821752136752135	0.012	0.437
5wb9_H_L_G	0.1569833333333333	0.025	0.625
4jan_A_B_I	0.15643293650793655	0.0	0.424
5f9o_H_L_G	0.1559922619047619	0.065	0.595
4xmp_H_L_G	0.1527702380952381	0.052	0.574
4xny_H_L_G	0.15211249999999998	0.043	0.579
4s1s_H_L_G	0.15195416666666667	0.024	0.605
6udj_D_E_P	0.14955595238095237	0.024	0.425
6udk_D_E_G	0.1484678571428571	0.037	0.566
6udk_M_N_R	0.1484678571428571	0.023	0.566
6chb_M_N_F	0.14771071428571428	0.037	0.46
6opa_S_R_G	0.1465321428571428	0.012	0.399
4ydl_H_L_G	0.14283988095238098	0.024	0.583
4rx4_A_D_E	0.14186845238095236	0.102	0.592
4rx4_H_L_G	0.14186845238095236	0.102	0.592
4rwy_H_L_A	0.1409035714285714	0.08	0.586
4ye4_H_L_G	0.13900892857142855	0.026	0.542
7ll2_I_J_C	0.13831666666666667	0.0	0.623
7mxe_R_W_J	0.13460238095238095	0.029	0.398
4ydj_A_B_I	0.1319184523809524	0.074	0.44
4ydj_H_L_G	0.1319184523809524	0.073	0.44
1e6j_H_L_P	0.12990773809523812	0.0	0.407
7tfo_H_L_A	0.12950099206349208	0.0	0.466
3j70_A_B_D	0.12822539682539685	0.0	0.644
6bf4_B_C_A	0.12628174603174605	0.0	0.577
6fy1_H_L_G	0.12623591269841272	0.0	0.428
7klc_H_L_A	0.1256781746031746	0.0	0.584
7kde_M_N_E	0.1256345238095238	0.0	0.423
4ywg_H_L_G	0.12506765873015874	0.014	0.595
4r4f_H_L_A	0.12380416666666669	0.0	0.61
3hi1_B_A_J	0.12183869047619049	0.0	0.594
6ot1_A_C_O	0.1215517857142857	0.0	0.516
4ybl_H_L_G	0.120325	0.0	0.417
7lg6_H_L_A	0.11924761904761906	0.012	0.603
7ll1_H_L_A	0.11924761904761906	0.012	0.596
7ll1_J_K_G	0.11924761904761906	0.013	0.596
6ofi_H_L_G	0.11889742063492062	0.025	0.628
6p62_C_D_B	0.1181529761904762	0.0	0.389
5w4l_B_C_A	0.11810119047619047	0.027	0.647
3u4e_A_B_J	0.11768214285714286	0.0	0.422
6dc5_B_C_A	0.11649702380952381	0.0	0.614
4rfo_H_L_G	0.11605972222222223	0.0	0.438
5kjr_H_L_G	0.11605972222222223	0.0	0.438
6xcj_H_L_G	0.11576349206349208	0.123	0.61
4yc2_B_C_A	0.11570357142857143	0.0	0.417
5ukr_H_L_G	0.11565952380952382	0.0	0.418
6u0l_H_L_A	0.11467440476190476	0.0	0.442
6u0l_I_J_B	0.11467440476190476	0.0	0.442
6u0l_P_Q_C	0.11467440476190476	0.0	0.442
7rai_H_L_A	0.11396944444444444	0.0	0.589
6dc3_H_L_F	0.11373928571428571	0.0	0.432
5a8h_L_K_G	0.11370595238095237	0.636	1.0
5a8h_R_Q_M	0.11370595238095237	1.0	1.0
5thr_P_Q_C	0.11370595238095237	0.0	1.0
6cm3_T_U_C	0.11370595238095237	0.0	1.0
5vj6_M_N_B	0.11315357142857144	0.0	0.963
6orp_H_L_G	0.11314166666666668	0.0	0.421
6orp_J_K_I	0.11314166666666668	0.0	0.421
5aco_G_J_C	0.11182738095238098	0.0	0.414
3p30_H_L_A	0.11175416666666667	0.0	0.448
6nfc_J_M_G	0.11128392857142858	0.0	0.265
6chb_J_K_G	0.11109404761904763	0.0	0.425
6dfg_H_L_A	0.11109404761904763	0.0	0.411
6mph_1_2_6	0.11045297619047618	0.0	0.228
6x97_E_F_C	0.11026468253968257	0.053	0.388
6mto_H_L_T	0.1100125	0.0	0.605
3vrl_H_L_C	0.10829761904761906	0.0	0.433
3mac_H_L_A	0.10461706349206348	0.0	0.456
4khx_H_L_A	0.10461706349206348	0.0	0.456
6nf2_H_L_B	0.10447638888888888	0.0	0.572
6osy_H_L_A	0.10210416666666665	0.0	0.537
3ma9_H_L_A	0.10167142857142857	0.0	0.456
6mpg_3_4_A	0.09667261904761905	0.0	0.246
1n5y_H_L_B	0.09155714285714286	0.0	0.423
1n6q_H_L_B	0.09155714285714286	0.0	0.423
1gc1_H_L_G	0.08155	0.0	0.615
1yyl_H_L_G	0.08155	0.0	0.628
2i60_H_L_G	0.08155	0.0	0.628
2nxy_D_C_A	0.08155	0.0	0.628
2nxz_D_C_A	0.08155	0.0	0.628
2ny0_D_C_A	0.08155	0.0	0.628
2ny1_D_C_A	0.08155	0.0	0.628
2ny4_D_C_A	0.08155	0.0	0.628
2ny5_H_L_G	0.08155	0.0	0.628
2ny6_D_C_A	0.08155	0.0	0.628
6cm3_K_J_D	0.08155	0.0	0.628
6cm3_O_N_E	0.08155	0.0	0.628
6opp_G_I_D	0.08155	0.0	0.619
6opp_H_L_A	0.08155	0.0	0.619
6x5b_H_L_A	0.08155	0.0	0.619
7lo6_H_G_E	0.08155	0.0	0.649
7lok_K_J_A	0.08155	0.0	0.649
7lok_M_L_C	0.08155	0.0	0.649
5t3s_D_E_B	0.07393452380952382	0.0	0.434
5utf_D_E_B	0.07393452380952382	0.0	0.434
5uty_D_E_B	0.07393452380952382	0.0	0.434
6ce0_D_E_B	0.07393452380952382	0.0	0.434
6ch7_D_E_B	0.07393452380952382	0.0	0.434
6ck9_D_E_B	0.07393452380952382	0.0	0.254
6de7_D_E_B	0.07393452380952382	0.0	0.434
6ieq_D_E_B	0.07393452380952382	0.0	0.434
6mdt_D_E_B	0.07393452380952382	0.0	0.434
6mu8_D_E_B	0.07393452380952382	0.0	0.251
6mug_D_E_B	0.07393452380952382	0.0	0.251
6nnj_D_E_B	0.07393452380952382	0.0	0.258
6w03_D_E_B	0.07393452380952382	0.0	0.251
6wix_D_E_B	0.07393452380952382	0.0	0.251
5t3z_H_L_G	0.07233611111111111	0.0	0.43
6ccb_H_L_G	0.07233611111111111	0.0	0.426
6orn_F_I_K	0.07233611111111111	0.0	0.43
4r2g_D_C_O	0.07082777777777777	0.0	0.416
5d9q_H_L_G	0.06713214285714285	0.0	0.418
5d9q_N_M_J	0.06713214285714285	0.0	0.418
5u7m_H_L_G	0.06713214285714285	0.0	0.419
5u7o_H_L_G	0.06713214285714285	0.0	0.419
5utf_H_L_G	0.06713214285714285	0.0	0.419
6b0n_H_L_G	0.06713214285714285	0.0	0.419
6cdi_5_6_2	0.06713214285714285	0.0	0.235
6cuf_5_6_2	0.06713214285714285	0.0	0.236
6cuf_M_N_C	0.06713214285714285	0.0	0.236
6mph_M_N_C	0.06713214285714285	0.0	0.235
6n1w_5_6_C	0.06713214285714285	0.0	0.236
6n1w_m_n_2	0.06713214285714285	0.0	0.236
6nf2_E_F_G	0.06713214285714285	0.0	0.419
6osy_C_D_B	0.06713214285714285	0.0	0.419
6ot1_F_I_E	0.06713214285714285	0.0	0.419
6mtj_H_L_G	0.06574444444444444	0.0	0.413
6mu6_H_L_G	0.06574444444444444	0.0	0.413
6nm6_H_L_G	0.06574444444444444	0.0	0.413
6nnj_H_L_G	0.06574444444444444	0.0	0.413
6vzi_H_L_G	0.06574444444444444	0.0	0.413
