abname	sesascore	episim	absim
1n5y_H_L_B	0.25981845238095236	0.0	0.384
1n6q_H_L_B	0.25981845238095236	0.0	0.384
3ma9_H_L_A	0.25428113275613284	0.0	0.596
7kde_M_N_E	0.21734444444444445	0.5	0.671
5aco_G_J_C	0.21608690476190476	1.0	1.0
3mac_H_L_A	0.21597279942279948	0.0	0.596
4khx_H_L_A	0.21597279942279948	0.0	0.596
4ydj_A_B_I	0.16397261904761906	0.0	0.611
4ydj_H_L_G	0.16397261904761906	0.0	0.611
6mpg_3_4_A	0.1601	0.0	0.255
3u4e_A_B_J	0.15918412698412698	0.0	0.638
4xmp_H_L_G	0.1514952380952381	0.0	0.418
6nf2_H_L_B	0.14906309523809524	0.0	0.463
5a8h_L_K_G	0.1480347222222222	0.0	0.414
5a8h_R_Q_M	0.1480347222222222	0.0	0.414
5thr_P_Q_C	0.1480347222222222	0.0	0.414
6cm3_T_U_C	0.1480347222222222	0.0	0.414
4xny_H_L_G	0.1465357142857143	0.0	0.42
5vj6_M_N_B	0.14361329365079364	0.0	0.414
5ukr_H_L_G	0.14189821428571428	0.0	0.641
6x97_E_F_C	0.14058685807656393	0.0	0.363
4ywg_H_L_G	0.1373690476190476	0.0	0.46
6chb_J_K_G	0.13653750000000003	0.235	0.609
6dfg_H_L_A	0.13653750000000003	0.3	0.622
4rfo_H_L_G	0.13647619047619047	0.0	0.705
5kjr_H_L_G	0.13647619047619047	0.0	0.705
5t3s_D_E_B	0.13643194444444445	0.0	0.578
5utf_D_E_B	0.13643194444444445	0.0	0.573
5uty_D_E_B	0.13643194444444445	0.0	0.573
6ce0_D_E_B	0.13643194444444445	0.0	0.575
6ch7_D_E_B	0.13643194444444445	0.0	0.575
6ck9_D_E_B	0.13643194444444445	0.0	0.251
6de7_D_E_B	0.13643194444444445	0.0	0.573
6ieq_D_E_B	0.13643194444444445	0.0	0.578
6mdt_D_E_B	0.13643194444444445	0.0	0.575
6mu8_D_E_B	0.13643194444444445	0.0	0.251
6mug_D_E_B	0.13643194444444445	0.0	0.251
6nnj_D_E_B	0.13643194444444445	0.0	0.253
6w03_D_E_B	0.13643194444444445	0.0	0.251
6wix_D_E_B	0.13643194444444445	0.0	0.251
6xcj_H_L_G	0.13551249999999995	0.0	0.422
7llk_C_D_A	0.1349952380952381	0.0	0.601
6osy_H_L_A	0.13411666666666666	0.0	0.451
4jan_A_B_I	0.134075	0.0	0.621
6p62_C_D_B	0.13401904761904765	0.0	0.382
7ll2_I_J_C	0.13168154761904763	0.0	0.462
6dc5_B_C_A	0.13050416666666667	0.0	0.433
7lg6_H_L_A	0.128875	0.0	0.432
7ll1_H_L_A	0.128875	0.0	0.427
7ll1_J_K_G	0.128875	0.0	0.427
6mph_1_2_6	0.127575	0.0	0.293
6u0l_H_L_A	0.12687896825396824	0.0	0.621
6u0l_I_J_B	0.12687896825396824	0.042	0.621
6u0l_P_Q_C	0.12687896825396824	0.0	0.621
6ot1_A_C_O	0.1267	0.0	0.467
4ye4_H_L_G	0.12555535714285712	0.0	0.42
5d9q_H_L_G	0.12397857142857142	0.375	0.623
5d9q_N_M_J	0.12397857142857142	0.312	0.623
5u7m_H_L_G	0.12397857142857142	0.438	0.624
5u7o_H_L_G	0.12397857142857142	0.353	0.624
5utf_H_L_G	0.12397857142857142	0.429	0.624
6b0n_H_L_G	0.12397857142857142	0.353	0.624
6cdi_5_6_2	0.12397857142857142	0.375	0.285
6cuf_5_6_2	0.12397857142857142	0.438	0.287
6cuf_M_N_C	0.12397857142857142	0.467	0.287
6mph_M_N_C	0.12397857142857142	0.412	0.285
6n1w_5_6_C	0.12397857142857142	0.438	0.287
6n1w_m_n_2	0.12397857142857142	0.375	0.287
6nf2_E_F_G	0.12397857142857142	0.312	0.624
6osy_C_D_B	0.12397857142857142	0.438	0.624
6ot1_F_I_E	0.12397857142857142	0.438	0.624
5w4l_B_C_A	0.12369166666666667	0.0	0.442
6bf4_B_C_A	0.12200873015873015	0.0	0.444
3p30_H_L_A	0.12034999999999998	0.0	0.608
6mto_H_L_T	0.12022916666666666	0.0	0.438
5t3z_H_L_G	0.11729047619047617	0.438	0.625
6ccb_H_L_G	0.11729047619047617	0.25	0.625
6orn_F_I_K	0.11729047619047617	0.353	0.625
5f9o_H_L_G	0.11691190476190474	0.0	0.424
7mxe_R_W_J	0.11687121212121211	0.0	0.574
7klc_H_L_A	0.11611249999999998	0.0	0.444
6opa_S_R_G	0.11212777777777778	0.0	0.587
4rx4_A_D_E	0.11199761904761904	0.0	0.443
4rx4_H_L_G	0.11199761904761904	0.0	0.443
4rwy_H_L_A	0.11037619047619047	0.0	0.442
5f96_H_L_G	0.11006190476190475	0.0	0.425
6ofi_H_L_G	0.10967341269841271	0.0	0.444
1e6j_H_L_P	0.1077702380952381	0.0	0.359
6mtj_H_L_G	0.10770714285714286	0.316	0.612
6mu6_H_L_G	0.10770714285714286	0.3	0.612
6nm6_H_L_G	0.10770714285714286	0.375	0.612
6nnj_H_L_G	0.10770714285714286	0.357	0.612
6vzi_H_L_G	0.10770714285714286	0.4	0.612
4r2g_D_C_O	0.10632380952380951	0.429	0.607
3vrl_H_L_C	0.10629583333333333	0.0	0.368
3j70_A_B_D	0.10460292207792207	0.111	0.437
3hi1_B_A_J	0.10345119047619047	0.0	0.476
6fy1_H_L_G	0.10341785714285714	0.0	0.612
6dc3_H_L_F	0.1029392857142857	0.0	0.675
6orp_H_L_G	0.10257261904761905	0.25	0.644
6orp_J_K_I	0.10257261904761905	0.25	0.644
4ydl_H_L_G	0.10102380952380954	0.0	0.438
6nfc_J_M_G	0.09918650793650793	0.0	0.331
7tfn_P_Q_C	0.09904444444444445	0.0	0.619
7tfo_H_L_A	0.09833333333333334	0.0	0.652
6oz3_H_L_G	0.09707500000000001	0.0	0.592
5wb9_H_L_G	0.0952	0.0	0.434
6b0n_D_E_G	0.0929392857142857	0.0	0.612
2ny7_H_L_G	0.0925875	0.0	0.432
5vn8_I_K_E	0.0925875	0.0	0.432
5cd5_C_D_A	0.08902023809523808	0.0	0.433
4yc2_B_C_A	0.0881376984126984	0.0	0.703
5v8l_I_M_D	0.087775	0.0	0.434
7ly9_A_M_K	0.087775	0.0	0.434
7ly9_B_C_G	0.087775	0.0	0.434
7pc2_G_H_C	0.087775	0.0	0.434
7pc2_K_L_A	0.087775	0.0	0.434
4lsu_H_L_G	0.08727202380952381	0.0	0.619
4ybl_H_L_G	0.0871376984126984	0.0	0.703
4s1s_H_L_G	0.0863988095238095	0.0	0.435
4jpv_H_L_G	0.0862004329004329	0.0	0.434
4lsv_H_L_G	0.0862004329004329	0.0	0.434
6p8n_B_D_A	0.08265	0.0	0.439
7jks_H_L_G	0.08196666666666667	0.0	0.363
6udk_D_E_G	0.0812327380952381	0.0	0.399
6udk_M_N_R	0.0812327380952381	0.0	0.399
4j6r_H_L_G	0.080825	0.0	0.433
4r4f_H_L_A	0.07926845238095237	0.0	0.478
1gc1_H_L_G	0.07698055555555555	0.0	0.434
1yyl_H_L_G	0.07698055555555555	0.0	0.438
2i60_H_L_G	0.07698055555555555	0.0	0.438
2nxy_D_C_A	0.07698055555555555	0.0	0.438
2nxz_D_C_A	0.07698055555555555	0.0	0.438
2ny0_D_C_A	0.07698055555555555	0.0	0.438
2ny1_D_C_A	0.07698055555555555	0.0	0.438
2ny4_D_C_A	0.07698055555555555	0.0	0.438
2ny5_H_L_G	0.07698055555555555	0.0	0.438
2ny6_D_C_A	0.07698055555555555	0.0	0.438
6cm3_K_J_D	0.07698055555555555	0.045	0.438
6cm3_O_N_E	0.07698055555555555	0.043	0.438
6opp_G_I_D	0.07698055555555555	0.038	0.436
6opp_H_L_A	0.07698055555555555	0.04	0.436
6x5b_H_L_A	0.07698055555555555	0.04	0.436
7lo6_H_G_E	0.07698055555555555	0.045	0.438
7lok_K_J_A	0.07698055555555555	0.043	0.438
7lok_M_L_C	0.07698055555555555	0.045	0.438
4jb9_H_L_G	0.07625	0.0	0.41
7rai_H_L_A	0.07488293650793651	0.071	0.413
4lsp_H_L_G	0.07379166666666667	0.0	0.427
4xvt_H_L_G	0.07073134920634921	0.0	0.43
6chb_M_N_F	0.0702827380952381	0.0	0.659
3u7y_H_L_G	0.06820357142857142	0.0	0.436
4xnz_B_C_A	0.06684999999999999	0.0	0.409
4xnz_E_F_D	0.06684999999999999	0.0	0.409
4cc8_F_J_D	0.05998333333333333	0.0	0.414
4cc8_H_L_E	0.05998333333333333	0.0	0.414
6cde_5_6_2	0.05998333333333333	0.0	0.405
6cdi_8_7_2	0.05998333333333333	0.0	0.369
6cuf_8_7_2	0.05998333333333333	0.0	0.221
6mpg_8_7_2	0.05998333333333333	0.0	0.369
6mph_g_i_B	0.05998333333333333	0.0	0.369
6n1v_Q_R_C	0.05998333333333333	0.0	0.218
6n1w_Q_R_c	0.05998333333333333	0.0	0.221
6nf2_C_D_G	0.05998333333333333	0.0	0.417
6osy_F_E_B	0.05998333333333333	0.0	0.416
6osy_P_O_K	0.05998333333333333	0.0	0.416
6ot1_J_K_E	0.05998333333333333	0.0	0.416
6v8z_C_F_A	0.05998333333333333	0.0	0.409
6udj_D_E_P	0.05862023809523809	0.0	0.326
4olx_H_L_G	0.05602301587301587	0.0	0.43
4olw_H_L_G	0.05414801587301587	0.0	0.43
3ngb_B_C_A	0.05319444444444444	0.0	0.428
4lss_H_L_G	0.05319444444444444	0.0	0.428
6v8x_C_D_A	0.05319444444444444	0.0	0.427
6vlw_H_L_G	0.05319444444444444	0.0	0.435
4om1_H_L_G	0.052648015873015874	0.0	0.428
5te4_H_L_G	0.04972857142857143	0.0	0.425
5te7_H_L_G	0.04972857142857143	0.0	0.425
3j5m_D_C_A	0.04866190476190476	0.0	0.431
6crq_D_E_A	0.04866190476190476	0.0	0.431
6crq_I_K_B	0.04866190476190476	0.0	0.431
6vo3_G_J_C	0.04866190476190476	0.0	0.431
7rsn_E_J_C	0.04866190476190476	0.0	0.433
7rso_G_J_C	0.04866190476190476	0.0	0.433
