abname	sesascore	episim	absim
3ngb_B_C_A	0.3496575396825397	0.7	0.646
4lss_H_L_G	0.3496575396825397	0.432	0.652
6v8x_C_D_A	0.3496575396825397	0.333	0.645
6vlw_H_L_G	0.3496575396825397	0.0	0.651
3u7y_H_L_G	0.3251420634920635	0.5	0.652
4xvt_H_L_G	0.3149861111111111	0.5	0.66
6p8n_B_D_A	0.29357658730158726	0.0	0.68
4olx_H_L_G	0.2853884920634921	0.613	0.653
4lsp_H_L_G	0.28295714285714285	0.724	0.669
4olw_H_L_G	0.2806265873015873	0.645	0.653
4om1_H_L_G	0.2765015873015873	0.697	0.65
7ll2_I_J_C	0.2300115079365079	0.467	0.658
5v8l_I_M_D	0.22237896825396822	0.438	0.68
7ly9_A_M_K	0.22237896825396822	0.441	0.68
7ly9_B_C_G	0.22237896825396822	0.471	0.68
7pc2_G_H_C	0.22237896825396822	0.464	0.68
7pc2_K_L_A	0.22237896825396822	0.448	0.68
3j5m_D_C_A	0.20594444444444446	0.438	0.613
6crq_D_E_A	0.20594444444444446	0.419	0.613
6crq_I_K_B	0.20594444444444446	0.406	0.613
6vo3_G_J_C	0.20594444444444446	0.455	0.613
7rsn_E_J_C	0.20594444444444446	0.324	0.615
7rso_G_J_C	0.20594444444444446	0.455	0.615
4jpv_H_L_G	0.20375396825396827	0.516	0.68
4lsv_H_L_G	0.20375396825396827	0.485	0.68
4s1s_H_L_G	0.2018373015873016	0.5	0.663
4jan_A_B_I	0.2008363095238095	0.294	0.434
4j6r_H_L_G	0.19618611111111114	0.366	0.688
4lsu_H_L_G	0.19136706349206345	0.513	0.492
7tfn_P_Q_C	0.1870640873015873	0.286	0.434
4ydl_H_L_G	0.1834662698412699	0.7	0.661
4r4f_H_L_A	0.1820267857142857	0.0	0.65
5wb9_H_L_G	0.1805678571428571	0.533	0.716
7jks_H_L_G	0.17098769841269842	0.289	0.513
5f9o_H_L_G	0.17075353535353538	0.394	0.633
6b0n_D_E_G	0.1674779761904762	0.429	0.489
4cc8_F_J_D	0.16702301587301585	0.0	0.624
4cc8_H_L_E	0.16702301587301585	0.0	0.624
6cde_5_6_2	0.16702301587301585	0.429	0.62
6cdi_8_7_2	0.16702301587301585	0.432	0.443
6cuf_8_7_2	0.16702301587301585	0.457	0.274
6mpg_8_7_2	0.16702301587301585	0.429	0.443
6mph_g_i_B	0.16702301587301585	0.421	0.443
6n1v_Q_R_C	0.16702301587301585	0.424	0.274
6n1w_Q_R_c	0.16702301587301585	0.471	0.274
6nf2_C_D_G	0.16702301587301585	0.455	0.628
6osy_F_E_B	0.16702301587301585	0.343	0.627
6osy_P_O_K	0.16702301587301585	0.375	0.627
6ot1_J_K_E	0.16702301587301585	0.361	0.627
6v8z_C_F_A	0.16702301587301585	0.361	0.624
5f96_H_L_G	0.16627063492063493	0.469	0.629
6oz3_H_L_G	0.16540892857142855	0.516	0.478
4rwy_H_L_A	0.1637416486291486	0.318	0.62
5cd5_C_D_A	0.1629051587301587	1.0	1.0
4xnz_B_C_A	0.15992658730158726	0.514	0.629
4xnz_E_F_D	0.15992658730158726	0.75	0.629
5te4_H_L_G	0.15774325396825395	0.378	0.66
5te7_H_L_G	0.15774325396825395	0.405	0.66
4rx4_A_D_E	0.15354422799422798	0.271	0.606
4rx4_H_L_G	0.15354422799422798	0.298	0.606
4jb9_H_L_G	0.15108928571428573	0.571	0.613
3j70_A_B_D	0.15056964285714286	0.0	0.69
6fy1_H_L_G	0.1488736111111111	0.0	0.444
7tfo_H_L_A	0.1398402777777778	0.186	0.471
6udk_D_E_G	0.13761289682539682	0.361	0.559
6udk_M_N_R	0.13761289682539682	0.3	0.559
4ydj_A_B_I	0.13708829365079367	0.275	0.43
4ydj_H_L_G	0.13708829365079367	0.238	0.43
4yc2_B_C_A	0.13627738095238098	0.0	0.44
4ybl_H_L_G	0.13619404761904763	0.0	0.44
3u4e_A_B_J	0.13419444444444445	0.0	0.44
4xmp_H_L_G	0.13279285714285716	0.375	0.647
3ma9_H_L_A	0.13139107142857143	0.0	0.456
4ye4_H_L_G	0.13011289682539684	0.419	0.581
1e6j_H_L_P	0.12778373015873012	0.0	0.453
4xny_H_L_G	0.12749598506069093	0.429	0.65
3hi1_B_A_J	0.12674305555555557	0.119	0.623
6chb_M_N_F	0.12670416666666667	0.361	0.485
2ny7_H_L_G	0.12467063492063492	0.237	0.629
5vn8_I_K_E	0.12467063492063492	0.137	0.629
6mph_1_2_6	0.12422301587301589	0.0	0.255
4ywg_H_L_G	0.1211797619047619	0.0	0.624
7llk_C_D_A	0.12056805555555555	0.517	0.417
6nfc_J_M_G	0.12027123015873016	0.0	0.284
3p30_H_L_A	0.11968885281385279	0.0	0.47
5w4l_B_C_A	0.11965357142857143	0.0	0.645
7rai_H_L_A	0.1191015873015873	0.0	0.574
7lg6_H_L_A	0.11843174603174604	0.351	0.62
7ll1_H_L_A	0.11843174603174604	0.353	0.623
7ll1_J_K_G	0.11843174603174604	0.364	0.623
3mac_H_L_A	0.11795871212121212	0.0	0.456
4khx_H_L_A	0.11795871212121212	0.0	0.456
6p62_C_D_B	0.11720654761904764	0.281	0.401
6dc3_H_L_F	0.11620833333333333	0.0	0.446
7mxe_R_W_J	0.11575813492063493	0.0	0.382
6mpg_3_4_A	0.11525000000000002	0.0	0.269
6ot1_A_C_O	0.11494503968253968	0.0	0.545
6dc5_B_C_A	0.11408095238095238	0.0	0.653
7kde_M_N_E	0.11398333333333334	0.0	0.443
7klc_H_L_A	0.11363611111111112	0.079	0.601
4rfo_H_L_G	0.11070357142857144	0.0	0.438
5kjr_H_L_G	0.11070357142857144	0.0	0.438
6bf4_B_C_A	0.10930079365079365	0.0	0.626
6x97_E_F_C	0.10867500000000001	0.0	0.397
6mto_H_L_T	0.10788214285714286	0.0	0.645
6osy_H_L_A	0.10759166666666667	0.0	0.582
6orp_H_L_G	0.10688571428571429	0.0	0.418
6orp_J_K_I	0.10688571428571429	0.0	0.418
6xcj_H_L_G	0.10491130952380952	0.122	0.65
5aco_G_J_C	0.10400079365079365	0.0	0.433
6udj_D_E_P	0.09980317460317462	0.316	0.418
6opa_S_R_G	0.09980277777777777	0.343	0.404
6nf2_H_L_B	0.0992265873015873	0.0	0.593
3vrl_H_L_C	0.09906130952380952	0.0	0.456
5ukr_H_L_G	0.09791666666666664	0.0	0.422
6ofi_H_L_G	0.09749047619047617	0.0	0.682
5a8h_L_K_G	0.09421805555555554	0.014	0.616
5a8h_R_Q_M	0.09421805555555554	0.012	0.616
5thr_P_Q_C	0.09421805555555554	0.0	0.616
6cm3_T_U_C	0.09421805555555554	0.0	0.616
5vj6_M_N_B	0.09234305555555555	0.0	0.623
1n5y_H_L_B	0.08461785714285713	0.0	0.46
1n6q_H_L_B	0.08461785714285713	0.0	0.46
6chb_J_K_G	0.07600694444444445	0.0	0.424
6dfg_H_L_A	0.07600694444444445	0.0	0.428
6u0l_H_L_A	0.06961666666666666	0.0	0.442
6u0l_I_J_B	0.06961666666666666	0.0	0.442
6u0l_P_Q_C	0.06961666666666666	0.0	0.442
5d9q_H_L_G	0.06920555555555555	0.0	0.42
5d9q_N_M_J	0.06920555555555555	0.0	0.42
5u7m_H_L_G	0.06920555555555555	0.0	0.421
5u7o_H_L_G	0.06920555555555555	0.0	0.421
5utf_H_L_G	0.06920555555555555	0.0	0.421
6b0n_H_L_G	0.06920555555555555	0.0	0.421
6cdi_5_6_2	0.06920555555555555	0.0	0.239
6cuf_5_6_2	0.06920555555555555	0.0	0.24
6cuf_M_N_C	0.06920555555555555	0.0	0.24
6mph_M_N_C	0.06920555555555555	0.0	0.239
6n1w_5_6_C	0.06920555555555555	0.0	0.24
6n1w_m_n_2	0.06920555555555555	0.0	0.24
6nf2_E_F_G	0.06920555555555555	0.0	0.421
6osy_C_D_B	0.06920555555555555	0.0	0.421
6ot1_F_I_E	0.06920555555555555	0.0	0.421
5t3s_D_E_B	0.0628126984126984	0.0	0.431
5utf_D_E_B	0.0628126984126984	0.0	0.434
5uty_D_E_B	0.0628126984126984	0.0	0.434
6ce0_D_E_B	0.0628126984126984	0.0	0.432
6ch7_D_E_B	0.0628126984126984	0.0	0.432
6ck9_D_E_B	0.0628126984126984	0.0	0.267
6de7_D_E_B	0.0628126984126984	0.0	0.434
6ieq_D_E_B	0.0628126984126984	0.0	0.431
6mdt_D_E_B	0.0628126984126984	0.0	0.432
6mu8_D_E_B	0.0628126984126984	0.0	0.267
6mug_D_E_B	0.0628126984126984	0.0	0.267
6nnj_D_E_B	0.0628126984126984	0.0	0.266
6w03_D_E_B	0.0628126984126984	0.0	0.267
6wix_D_E_B	0.0628126984126984	0.0	0.267
4r2g_D_C_O	0.05885	0.0	0.436
5t3z_H_L_G	0.055375	0.0	0.423
6ccb_H_L_G	0.055375	0.0	0.42
6orn_F_I_K	0.055375	0.0	0.423
6mtj_H_L_G	0.053325000000000004	0.0	0.419
6mu6_H_L_G	0.053325000000000004	0.0	0.419
6nm6_H_L_G	0.053325000000000004	0.0	0.419
6nnj_H_L_G	0.053325000000000004	0.0	0.419
6vzi_H_L_G	0.053325000000000004	0.0	0.419
1gc1_H_L_G	0.04206666666666666	0.0	0.645
1yyl_H_L_G	0.04206666666666666	0.0	0.663
2i60_H_L_G	0.04206666666666666	0.0	0.663
2nxy_D_C_A	0.04206666666666666	0.0	0.663
2nxz_D_C_A	0.04206666666666666	0.0	0.663
2ny0_D_C_A	0.04206666666666666	0.0	0.663
2ny1_D_C_A	0.04206666666666666	0.0	0.663
2ny4_D_C_A	0.04206666666666666	0.0	0.663
2ny5_H_L_G	0.04206666666666666	0.0	0.663
2ny6_D_C_A	0.04206666666666666	0.0	0.663
6cm3_K_J_D	0.04206666666666666	0.0	0.663
6cm3_O_N_E	0.04206666666666666	0.0	0.663
6opp_G_I_D	0.04206666666666666	0.0	0.65
6opp_H_L_A	0.04206666666666666	0.0	0.65
6x5b_H_L_A	0.04206666666666666	0.0	0.65
7lo6_H_G_E	0.04206666666666666	0.0	0.647
7lok_K_J_A	0.04206666666666666	0.0	0.647
7lok_M_L_C	0.04206666666666666	0.0	0.647
