abname	sesascore	episim	absim
5d9q_H_L_G	0.999352380952381	0.769	0.991
5d9q_N_M_J	0.999352380952381	0.692	0.991
5u7m_H_L_G	0.999352380952381	1.0	1.0
5u7o_H_L_G	0.999352380952381	0.846	1.0
5utf_H_L_G	0.999352380952381	0.75	1.0
6b0n_H_L_G	0.999352380952381	0.6	1.0
6cdi_5_6_2	0.999352380952381	0.917	0.533
6cuf_5_6_2	0.999352380952381	0.846	0.529
6cuf_M_N_C	0.999352380952381	0.769	0.529
6mph_M_N_C	0.999352380952381	0.923	0.533
6n1w_5_6_C	0.999352380952381	0.714	0.529
6n1w_m_n_2	0.999352380952381	0.769	0.529
6nf2_E_F_G	0.999352380952381	0.833	1.0
6osy_C_D_B	0.999352380952381	0.714	1.0
6ot1_F_I_E	0.999352380952381	0.846	1.0
6mtj_H_L_G	0.803802380952381	0.625	0.712
6mu6_H_L_G	0.803802380952381	0.588	0.712
6nm6_H_L_G	0.803802380952381	0.643	0.712
6nnj_H_L_G	0.803802380952381	0.538	0.712
6vzi_H_L_G	0.803802380952381	0.692	0.712
4r2g_D_C_O	0.7070630952380951	0.5	0.714
5t3z_H_L_G	0.6804940476190476	1.0	0.721
6ccb_H_L_G	0.6804940476190476	0.312	0.718
6orn_F_I_K	0.6804940476190476	0.412	0.721
6chb_J_K_G	0.2759982142857143	0.467	0.635
6dfg_H_L_A	0.2759982142857143	0.421	0.642
3u4e_A_B_J	0.2714113095238095	0.0	0.578
1gc1_H_L_G	0.24196428571428574	0.0	0.435
1yyl_H_L_G	0.24196428571428574	0.0	0.437
2i60_H_L_G	0.24196428571428574	0.0	0.437
2nxy_D_C_A	0.24196428571428574	0.0	0.437
2nxz_D_C_A	0.24196428571428574	0.0	0.437
2ny0_D_C_A	0.24196428571428574	0.0	0.437
2ny1_D_C_A	0.24196428571428574	0.0	0.437
2ny4_D_C_A	0.24196428571428574	0.0	0.437
2ny5_H_L_G	0.24196428571428574	0.0	0.437
2ny6_D_C_A	0.24196428571428574	0.0	0.437
6cm3_K_J_D	0.24196428571428574	0.043	0.437
6cm3_O_N_E	0.24196428571428574	0.042	0.437
6opp_G_I_D	0.24196428571428574	0.037	0.437
6opp_H_L_A	0.24196428571428574	0.038	0.437
6x5b_H_L_A	0.24196428571428574	0.038	0.437
7lo6_H_G_E	0.24196428571428574	0.043	0.435
7lok_K_J_A	0.24196428571428574	0.042	0.435
7lok_M_L_C	0.24196428571428574	0.043	0.435
7llk_C_D_A	0.18424285714285712	0.0	0.589
5vj6_M_N_B	0.17359920634920636	0.0	0.42
5a8h_L_K_G	0.16943253968253966	0.0	0.419
5a8h_R_Q_M	0.16943253968253966	0.0	0.419
5thr_P_Q_C	0.16943253968253966	0.0	0.419
6cm3_T_U_C	0.16943253968253966	0.0	0.419
6u0l_H_L_A	0.16924940476190478	0.0	0.589
6u0l_I_J_B	0.16924940476190478	0.04	0.589
6u0l_P_Q_C	0.16924940476190478	0.0	0.589
2ny7_H_L_G	0.14164583333333333	0.029	0.443
5vn8_I_K_E	0.14164583333333333	0.0	0.443
6opa_S_R_G	0.14020238095238097	0.0	0.586
6xcj_H_L_G	0.13423869047619047	0.0	0.426
6mpg_3_4_A	0.12993194444444447	0.0	0.244
4rwy_H_L_A	0.12678647186147185	0.0	0.437
6x97_E_F_C	0.12194042207792208	0.0	0.354
5w4l_B_C_A	0.11959285714285714	0.0	0.437
7ll2_I_J_C	0.11768333333333333	0.0	0.474
7kde_M_N_E	0.11469444444444445	0.294	0.613
6udj_D_E_P	0.11344035087719298	0.0	0.334
6udk_D_E_G	0.11152121212121213	0.0	0.409
6udk_M_N_R	0.11152121212121213	0.0	0.409
6dc3_H_L_F	0.11132651515151515	0.0	0.602
1n5y_H_L_B	0.11075000000000002	0.0	0.373
1n6q_H_L_B	0.11075000000000002	0.0	0.373
4rx4_A_D_E	0.11015968614718614	0.0	0.433
4rx4_H_L_G	0.11015968614718614	0.0	0.433
7mxe_R_W_J	0.09951666666666667	0.0	0.558
6nf2_H_L_B	0.09829166666666667	0.0	0.474
4jan_A_B_I	0.09747916666666666	0.0	0.641
5t3s_D_E_B	0.09700297619047621	0.0	0.551
5utf_D_E_B	0.09700297619047621	0.0	0.548
5uty_D_E_B	0.09700297619047621	0.0	0.548
6ce0_D_E_B	0.09700297619047621	0.0	0.548
6ch7_D_E_B	0.09700297619047621	0.0	0.548
6ck9_D_E_B	0.09700297619047621	0.0	0.25
6de7_D_E_B	0.09700297619047621	0.0	0.548
6ieq_D_E_B	0.09700297619047621	0.0	0.551
6mdt_D_E_B	0.09700297619047621	0.0	0.548
6mu8_D_E_B	0.09700297619047621	0.0	0.25
6mug_D_E_B	0.09700297619047621	0.0	0.25
6nnj_D_E_B	0.09700297619047621	0.0	0.252
6w03_D_E_B	0.09700297619047621	0.0	0.25
6wix_D_E_B	0.09700297619047621	0.0	0.25
4ye4_H_L_G	0.0955095238095238	0.0	0.419
6ot1_A_C_O	0.09260833333333333	0.0	0.463
4cc8_F_J_D	0.09136666666666667	0.0	0.413
4cc8_H_L_E	0.09136666666666667	0.0	0.413
6cde_5_6_2	0.09136666666666667	0.0	0.406
6cdi_8_7_2	0.09136666666666667	0.0	0.37
6cuf_8_7_2	0.09136666666666667	0.0	0.226
6mpg_8_7_2	0.09136666666666667	0.0	0.37
6mph_g_i_B	0.09136666666666667	0.0	0.37
6n1v_Q_R_C	0.09136666666666667	0.0	0.223
6n1w_Q_R_c	0.09136666666666667	0.0	0.226
6nf2_C_D_G	0.09136666666666667	0.0	0.414
6osy_F_E_B	0.09136666666666667	0.0	0.415
6osy_P_O_K	0.09136666666666667	0.0	0.415
6ot1_J_K_E	0.09136666666666667	0.0	0.415
6v8z_C_F_A	0.09136666666666667	0.0	0.41
4ydj_A_B_I	0.0874392857142857	0.0	0.568
4ydj_H_L_G	0.0874392857142857	0.0	0.568
4xmp_H_L_G	0.08640833333333332	0.0	0.417
5f96_H_L_G	0.08541547619047617	0.0	0.429
4xny_H_L_G	0.08448095238095238	0.0	0.428
6oz3_H_L_G	0.08420119047619046	0.0	0.563
4j6r_H_L_G	0.08333095238095238	0.0	0.436
5f9o_H_L_G	0.08241666666666665	0.0	0.434
4lsu_H_L_G	0.08073333333333334	0.0	0.564
5v8l_I_M_D	0.07910317460317459	0.0	0.422
7ly9_A_M_K	0.07910317460317459	0.0	0.422
7ly9_B_C_G	0.07910317460317459	0.0	0.422
7pc2_G_H_C	0.07910317460317459	0.0	0.422
7pc2_K_L_A	0.07910317460317459	0.0	0.422
6ofi_H_L_G	0.07812182539682538	0.0	0.445
4s1s_H_L_G	0.07723928571428572	0.0	0.422
6bf4_B_C_A	0.07599166666666667	0.0	0.441
1e6j_H_L_P	0.07512916666666668	0.0	0.36
3p30_H_L_A	0.07504999999999999	0.0	0.575
6p62_C_D_B	0.0745904761904762	0.0	0.362
6osy_H_L_A	0.07442857142857143	0.0	0.438
6mph_1_2_6	0.07404166666666667	0.0	0.304
4rfo_H_L_G	0.0733065476190476	0.0	0.633
5kjr_H_L_G	0.0733065476190476	0.0	0.633
6nfc_J_M_G	0.07313055555555556	0.0	0.284
5aco_G_J_C	0.072875	0.438	0.624
3j70_A_B_D	0.072	0.069	0.417
6mto_H_L_T	0.0713595238095238	0.0	0.437
4lsp_H_L_G	0.06991785714285714	0.0	0.408
4xnz_B_C_A	0.06815714285714285	0.0	0.417
4xnz_E_F_D	0.06815714285714285	0.0	0.417
7jks_H_L_G	0.06785833333333334	0.0	0.367
6b0n_D_E_G	0.06776666666666666	0.0	0.563
7klc_H_L_A	0.06700714285714286	0.0	0.441
6fy1_H_L_G	0.06588214285714286	0.0	0.62
5wb9_H_L_G	0.06588095238095237	0.0	0.424
3u7y_H_L_G	0.06477694805194804	0.0	0.431
3ma9_H_L_A	0.06420873015873016	0.0	0.589
5ukr_H_L_G	0.06394166666666666	0.0	0.596
3mac_H_L_A	0.06355873015873016	0.0	0.584
4khx_H_L_A	0.06355873015873016	0.0	0.584
5te4_H_L_G	0.06311428571428572	0.0	0.402
5te7_H_L_G	0.06311428571428572	0.0	0.402
5cd5_C_D_A	0.06282857142857143	0.0	0.421
7lg6_H_L_A	0.062374999999999986	0.0	0.433
7ll1_H_L_A	0.062374999999999986	0.0	0.43
7ll1_J_K_G	0.062374999999999986	0.0	0.43
6orp_H_L_G	0.06231309523809523	0.182	0.604
6orp_J_K_I	0.06231309523809523	0.182	0.604
6dc5_B_C_A	0.06181944444444444	0.0	0.428
4xvt_H_L_G	0.06179285714285714	0.0	0.427
7tfn_P_Q_C	0.061146428571428574	0.0	0.627
4jb9_H_L_G	0.06080952380952381	0.0	0.418
3j5m_D_C_A	0.060474404761904764	0.0	0.428
6crq_D_E_A	0.060474404761904764	0.0	0.428
6crq_I_K_B	0.060474404761904764	0.0	0.428
6vo3_G_J_C	0.060474404761904764	0.0	0.428
7rsn_E_J_C	0.060474404761904764	0.0	0.427
7rso_G_J_C	0.060474404761904764	0.0	0.427
6p8n_B_D_A	0.06045000000000001	0.0	0.431
4jpv_H_L_G	0.060375000000000005	0.0	0.422
4lsv_H_L_G	0.060375000000000005	0.0	0.422
4r4f_H_L_A	0.05930595238095238	0.0	0.487
4ywg_H_L_G	0.058916666666666666	0.0	0.483
4om1_H_L_G	0.058901948051948046	0.0	0.429
3ngb_B_C_A	0.05853290043290043	0.0	0.429
4lss_H_L_G	0.05853290043290043	0.0	0.434
6v8x_C_D_A	0.05853290043290043	0.0	0.431
6vlw_H_L_G	0.05853290043290043	0.0	0.434
4yc2_B_C_A	0.05676071428571429	0.0	0.63
4ydl_H_L_G	0.055263095238095236	0.0	0.423
4olx_H_L_G	0.05515952380952381	0.0	0.431
4olw_H_L_G	0.05465194805194805	0.0	0.431
3hi1_B_A_J	0.05441666666666666	0.0	0.505
4ybl_H_L_G	0.05342738095238095	0.0	0.63
7rai_H_L_A	0.048116071428571425	0.033	0.406
3vrl_H_L_C	0.04391666666666667	0.0	0.361
7tfo_H_L_A	0.04284166666666667	0.0	0.601
6chb_M_N_F	0.03568333333333333	0.0	0.574
