abname	sesascore	episim	absim
2ny7_H_L_G	0.5827354978354978	0.295	1.0
5vn8_I_K_E	0.5827354978354978	1.0	1.0
4cc8_F_J_D	0.29566666666666663	0.0	0.64
4cc8_H_L_E	0.29566666666666663	0.0	0.64
6cde_5_6_2	0.29566666666666663	0.2	0.63
6cdi_8_7_2	0.29566666666666663	0.189	0.458
6cuf_8_7_2	0.29566666666666663	0.196	0.293
6mpg_8_7_2	0.29566666666666663	0.176	0.458
6mph_g_i_B	0.29566666666666663	0.185	0.458
6n1v_Q_R_C	0.29566666666666663	0.14	0.293
6n1w_Q_R_c	0.29566666666666663	0.154	0.293
6nf2_C_D_G	0.29566666666666663	0.137	0.64
6osy_F_E_B	0.29566666666666663	0.14	0.643
6osy_P_O_K	0.29566666666666663	0.125	0.643
6ot1_J_K_E	0.29566666666666663	0.157	0.643
6v8z_C_F_A	0.29566666666666663	0.18	0.634
3ngb_B_C_A	0.2799107142857143	0.151	0.652
4lss_H_L_G	0.2799107142857143	0.189	0.652
6v8x_C_D_A	0.2799107142857143	0.149	0.648
6vlw_H_L_G	0.2799107142857143	0.0	0.642
4olx_H_L_G	0.25998095238095237	0.154	0.65
4om1_H_L_G	0.2543559523809524	0.179	0.647
4olw_H_L_G	0.2538916666666666	0.151	0.654
3u7y_H_L_G	0.25312083333333335	0.148	0.643
4xvt_H_L_G	0.23612083333333334	0.16	0.685
4xnz_B_C_A	0.23015595238095238	0.222	0.632
4xnz_E_F_D	0.23015595238095238	0.157	0.632
5te4_H_L_G	0.2222976190476191	0.151	0.615
5te7_H_L_G	0.2222976190476191	0.17	0.615
5v8l_I_M_D	0.2157666666666667	0.12	0.609
7ly9_A_M_K	0.2157666666666667	0.229	0.609
7ly9_B_C_G	0.2157666666666667	0.25	0.609
7pc2_G_H_C	0.2157666666666667	0.133	0.609
7pc2_K_L_A	0.2157666666666667	0.13	0.609
3j5m_D_C_A	0.21435714285714286	0.167	0.647
6crq_D_E_A	0.21435714285714286	0.149	0.647
6crq_I_K_B	0.21435714285714286	0.146	0.647
6vo3_G_J_C	0.21435714285714286	0.184	0.647
7rsn_E_J_C	0.21435714285714286	0.146	0.646
7rso_G_J_C	0.21435714285714286	0.16	0.646
4jpv_H_L_G	0.20759464285714288	0.188	0.609
4lsv_H_L_G	0.20759464285714288	0.157	0.609
4jb9_H_L_G	0.203475	0.182	0.629
6chb_M_N_F	0.20291111111111113	0.204	0.487
4j6r_H_L_G	0.19080059523809528	0.158	0.674
4lsp_H_L_G	0.18830297619047617	0.132	0.605
6udj_D_E_P	0.18323333333333333	0.2	0.451
4lsu_H_L_G	0.17544978354978352	0.19	0.485
4s1s_H_L_G	0.1667047619047619	0.16	0.65
6b0n_D_E_G	0.16647678571428573	0.132	0.484
7llk_C_D_A	0.16641565656565657	0.149	0.439
4ydl_H_L_G	0.16635551948051952	0.196	0.655
6p8n_B_D_A	0.1646982142857143	0.0	0.686
5f9o_H_L_G	0.15907857142857143	0.167	0.649
5wb9_H_L_G	0.15839761904761906	0.167	0.624
6udk_D_E_G	0.157275	0.18	0.603
6udk_M_N_R	0.157275	0.192	0.603
7jks_H_L_G	0.15623333333333334	0.135	0.528
5cd5_C_D_A	0.15479285714285715	0.137	0.629
4rx4_A_D_E	0.15196011904761902	0.164	0.67
4rx4_H_L_G	0.15196011904761902	0.183	0.67
6dc3_H_L_F	0.1489035714285714	0.0	0.47
6oz3_H_L_G	0.1462607142857143	0.213	0.465
7ll2_I_J_C	0.14517202380952382	0.2	0.607
5f96_H_L_G	0.1448970238095238	0.188	0.638
4rwy_H_L_A	0.1426892857142857	0.153	0.67
6fy1_H_L_G	0.1423	0.04	0.481
4xny_H_L_G	0.14216666666666666	0.148	0.638
6nfc_J_M_G	0.14047579365079363	0.0	0.274
4jan_A_B_I	0.1398017857142857	0.2	0.443
7tfo_H_L_A	0.13851666666666665	0.245	0.52
4ye4_H_L_G	0.1355702380952381	0.08	0.552
4xmp_H_L_G	0.1318309523809524	0.152	0.647
7mxe_R_W_J	0.12937619047619045	0.0	0.398
4ywg_H_L_G	0.12770714285714285	0.045	0.616
6mph_1_2_6	0.1272327380952381	0.0	0.259
6xcj_H_L_G	0.1272248015873016	0.016	0.681
7tfn_P_Q_C	0.1268702380952381	0.185	0.438
3p30_H_L_A	0.12590357142857142	0.0	0.486
6orp_H_L_G	0.12373333333333333	0.0	0.422
6orp_J_K_I	0.12373333333333333	0.0	0.422
6x97_E_F_C	0.12250694444444445	0.0	0.384
5ukr_H_L_G	0.12208650793650794	0.0	0.432
7klc_H_L_A	0.12201964285714288	0.0	0.585
4ybl_H_L_G	0.12130641025641026	0.0	0.439
7lg6_H_L_A	0.12060238095238099	0.111	0.627
7ll1_H_L_A	0.12060238095238099	0.12	0.629
7ll1_J_K_G	0.12060238095238099	0.122	0.629
3hi1_B_A_J	0.11968214285714288	0.14	0.679
4rfo_H_L_G	0.11869761904761904	0.0	0.444
5kjr_H_L_G	0.11869761904761904	0.0	0.444
4yc2_B_C_A	0.11430641025641027	0.0	0.439
6opa_S_R_G	0.11362261904761906	0.163	0.418
6p62_C_D_B	0.11277857142857142	0.085	0.396
6mto_H_L_T	0.11175119047619046	0.0	0.715
3j70_A_B_D	0.11120833333333333	0.019	0.642
6mpg_3_4_A	0.10830392156862745	0.0	0.259
4r4f_H_L_A	0.10678809523809525	0.0	0.608
5w4l_B_C_A	0.10618333333333334	0.0	0.712
6ofi_H_L_G	0.10529166666666666	0.0	0.715
6osy_H_L_A	0.10316071428571427	0.0	0.524
6u0l_H_L_A	0.10272619047619047	0.0	0.483
6u0l_I_J_B	0.10272619047619047	0.0	0.483
6u0l_P_Q_C	0.10272619047619047	0.0	0.483
6bf4_B_C_A	0.10152499999999999	0.0	0.624
3mac_H_L_A	0.10118214285714285	0.0	0.502
4khx_H_L_A	0.10118214285714285	0.0	0.502
6chb_J_K_G	0.09977936507936508	0.0	0.444
6dfg_H_L_A	0.09977936507936508	0.0	0.448
5a8h_L_K_G	0.09976130952380952	0.0	0.586
5a8h_R_Q_M	0.09976130952380952	0.0	0.586
5thr_P_Q_C	0.09976130952380952	0.0	0.586
6cm3_T_U_C	0.09976130952380952	0.0	0.586
6nf2_H_L_B	0.09950833333333332	0.0	0.603
7rai_H_L_A	0.09948214285714287	0.0	0.578
4ydj_A_B_I	0.09921428571428573	0.109	0.436
4ydj_H_L_G	0.09921428571428573	0.148	0.436
6ot1_A_C_O	0.0986654761904762	0.0	0.547
1e6j_H_L_P	0.09763571428571428	0.0	0.459
3ma9_H_L_A	0.09663214285714286	0.0	0.502
3vrl_H_L_C	0.09622083333333332	0.02	0.422
5vj6_M_N_B	0.09067797619047618	0.0	0.589
7kde_M_N_E	0.08952738095238097	0.0	0.435
3u4e_A_B_J	0.08942579365079364	0.0	0.452
6dc5_B_C_A	0.08926309523809525	0.0	0.695
1n5y_H_L_B	0.078125	0.0	0.416
1n6q_H_L_B	0.078125	0.0	0.416
1gc1_H_L_G	0.07413888888888888	0.023	0.655
1yyl_H_L_G	0.07413888888888888	0.021	0.663
2i60_H_L_G	0.07413888888888888	0.022	0.663
2nxy_D_C_A	0.07413888888888888	0.022	0.663
2nxz_D_C_A	0.07413888888888888	0.022	0.663
2ny0_D_C_A	0.07413888888888888	0.023	0.663
2ny1_D_C_A	0.07413888888888888	0.022	0.663
2ny4_D_C_A	0.07413888888888888	0.022	0.663
2ny5_H_L_G	0.07413888888888888	0.022	0.663
2ny6_D_C_A	0.07413888888888888	0.022	0.663
6cm3_K_J_D	0.07413888888888888	0.0	0.663
6cm3_O_N_E	0.07413888888888888	0.0	0.663
6opp_G_I_D	0.07413888888888888	0.02	0.66
6opp_H_L_A	0.07413888888888888	0.021	0.66
6x5b_H_L_A	0.07413888888888888	0.021	0.66
7lo6_H_G_E	0.07413888888888888	0.022	0.654
7lok_K_J_A	0.07413888888888888	0.022	0.654
7lok_M_L_C	0.07413888888888888	0.0	0.654
6mtj_H_L_G	0.06298730158730158	0.0	0.452
6mu6_H_L_G	0.06298730158730158	0.0	0.452
6nm6_H_L_G	0.06298730158730158	0.0	0.452
6nnj_H_L_G	0.06298730158730158	0.0	0.452
6vzi_H_L_G	0.06298730158730158	0.0	0.452
5aco_G_J_C	0.060453571428571426	0.0	0.432
5t3z_H_L_G	0.05629484126984127	0.0	0.451
6ccb_H_L_G	0.05629484126984127	0.024	0.449
6orn_F_I_K	0.05629484126984127	0.0	0.451
5d9q_H_L_G	0.0513468253968254	0.0	0.446
5d9q_N_M_J	0.0513468253968254	0.0	0.446
5u7m_H_L_G	0.0513468253968254	0.0	0.443
5u7o_H_L_G	0.0513468253968254	0.0	0.443
5utf_H_L_G	0.0513468253968254	0.0	0.443
6b0n_H_L_G	0.0513468253968254	0.0	0.443
6cdi_5_6_2	0.0513468253968254	0.0	0.253
6cuf_5_6_2	0.0513468253968254	0.0	0.251
6cuf_M_N_C	0.0513468253968254	0.0	0.251
6mph_M_N_C	0.0513468253968254	0.0	0.253
6n1w_5_6_C	0.0513468253968254	0.0	0.251
6n1w_m_n_2	0.0513468253968254	0.0	0.251
6nf2_E_F_G	0.0513468253968254	0.0	0.443
6osy_C_D_B	0.0513468253968254	0.0	0.443
6ot1_F_I_E	0.0513468253968254	0.0	0.443
5t3s_D_E_B	0.04124880952380953	0.0	0.475
5utf_D_E_B	0.04124880952380953	0.0	0.475
5uty_D_E_B	0.04124880952380953	0.0	0.475
6ce0_D_E_B	0.04124880952380953	0.0	0.472
6ch7_D_E_B	0.04124880952380953	0.0	0.472
6ck9_D_E_B	0.04124880952380953	0.0	0.291
6de7_D_E_B	0.04124880952380953	0.0	0.475
6ieq_D_E_B	0.04124880952380953	0.0	0.475
6mdt_D_E_B	0.04124880952380953	0.0	0.472
6mu8_D_E_B	0.04124880952380953	0.0	0.291
6mug_D_E_B	0.04124880952380953	0.0	0.291
6nnj_D_E_B	0.04124880952380953	0.0	0.298
6w03_D_E_B	0.04124880952380953	0.0	0.291
6wix_D_E_B	0.04124880952380953	0.0	0.291
4r2g_D_C_O	0.039366269841269834	0.0	0.453
