abname	sesascore	episim	absim
4cc8_F_J_D	0.6945128968253967	0.0	0.98
4cc8_H_L_E	0.6945128968253967	0.0	0.98
6cde_5_6_2	0.6945128968253967	1.0	1.0
6cdi_8_7_2	0.6945128968253967	0.897	0.756
6cuf_8_7_2	0.6945128968253967	0.893	0.529
6mpg_8_7_2	0.6945128968253967	0.857	0.756
6mph_g_i_B	0.6945128968253967	0.867	0.756
6n1v_Q_R_C	0.6945128968253967	0.75	0.528
6n1w_Q_R_c	0.6945128968253967	0.857	0.529
6nf2_C_D_G	0.6945128968253967	0.852	0.98
6osy_F_E_B	0.6945128968253967	0.633	0.984
6osy_P_O_K	0.6945128968253967	0.643	0.984
6ot1_J_K_E	0.6945128968253967	0.821	0.984
6v8z_C_F_A	0.6945128968253967	0.821	0.986
3ngb_B_C_A	0.5997954670329669	0.359	0.649
4lss_H_L_G	0.5997954670329669	0.31	0.652
6v8x_C_D_A	0.5997954670329669	0.643	0.645
6vlw_H_L_G	0.5997954670329669	0.0	0.652
4om1_H_L_G	0.5696936813186813	0.45	0.657
4olx_H_L_G	0.5682139194139195	0.405	0.66
4olw_H_L_G	0.5641285298035298	0.395	0.653
3u7y_H_L_G	0.5273067765567765	0.292	0.628
4xvt_H_L_G	0.4971561813186814	0.351	0.638
5v8l_I_M_D	0.49295416666666664	0.655	0.612
7ly9_A_M_K	0.49295416666666664	0.342	0.612
7ly9_B_C_G	0.49295416666666664	0.368	0.612
7pc2_G_H_C	0.49295416666666664	0.536	0.612
7pc2_K_L_A	0.49295416666666664	0.571	0.612
4xnz_B_C_A	0.4833044372294372	0.415	0.807
4xnz_E_F_D	0.4833044372294372	0.417	0.807
3j5m_D_C_A	0.4576821428571428	0.5	0.647
6crq_D_E_A	0.4576821428571428	0.586	0.647
6crq_I_K_B	0.4576821428571428	0.567	0.647
6vo3_G_J_C	0.4576821428571428	0.429	0.647
7rsn_E_J_C	0.4576821428571428	0.343	0.645
7rso_G_J_C	0.4576821428571428	0.389	0.645
4jb9_H_L_G	0.43567321428571415	0.425	0.766
5te4_H_L_G	0.41134020146520134	0.325	0.602
5te7_H_L_G	0.41134020146520134	0.385	0.602
4jpv_H_L_G	0.3920398809523809	0.361	0.612
4lsv_H_L_G	0.3920398809523809	0.342	0.612
4j6r_H_L_G	0.34279047619047615	0.415	0.643
6p8n_B_D_A	0.3426311813186813	0.0	0.636
4lsu_H_L_G	0.32961558123249296	0.356	0.458
7jks_H_L_G	0.32071686507936503	0.308	0.496
4s1s_H_L_G	0.32065329670329656	0.389	0.629
6b0n_D_E_G	0.29427976190476196	0.625	0.46
5cd5_C_D_A	0.28280086580086583	0.429	0.62
6chb_M_N_F	0.2825263888888889	0.5	0.428
4lsp_H_L_G	0.2736224206349206	0.405	0.587
4ydl_H_L_G	0.27188885281385283	0.432	0.658
5wb9_H_L_G	0.2493091575091575	0.412	0.608
6udj_D_E_P	0.24043690476190474	0.576	0.408
5f9o_H_L_G	0.22918214285714286	0.333	0.604
6oz3_H_L_G	0.22255119047619046	0.441	0.434
5f96_H_L_G	0.2152994047619048	0.361	0.596
4xny_H_L_G	0.19098365800865802	0.378	0.635
7ll2_I_J_C	0.18529166666666666	0.643	0.566
2ny7_H_L_G	0.18202876984126984	0.167	0.63
5vn8_I_K_E	0.18202876984126984	0.2	0.63
4jan_A_B_I	0.1805220238095238	0.278	0.424
4rx4_A_D_E	0.17991272893772897	0.235	0.603
4rx4_H_L_G	0.17991272893772897	0.286	0.603
6udk_D_E_G	0.1795904761904762	0.545	0.544
6udk_M_N_R	0.1795904761904762	0.5	0.544
7tfo_H_L_A	0.17568630952380954	0.293	0.443
4xmp_H_L_G	0.16759404761904761	0.283	0.638
4r4f_H_L_A	0.1654545634920635	0.0	0.589
4rwy_H_L_A	0.16499404761904765	0.25	0.614
6nfc_J_M_G	0.16490555555555556	0.0	0.255
7tfn_P_Q_C	0.1618468253968254	0.366	0.419
7llk_C_D_A	0.15982817460317464	0.394	0.398
4ye4_H_L_G	0.1508021645021645	0.314	0.557
4ydj_A_B_I	0.1444247294372294	0.233	0.418
4ydj_H_L_G	0.1444247294372294	0.2	0.418
7mxe_R_W_J	0.13993670634920635	0.0	0.371
1e6j_H_L_P	0.13871309523809522	0.0	0.433
6fy1_H_L_G	0.13769603174603176	0.0	0.443
3j70_A_B_D	0.13692916666666669	0.0	0.608
6bf4_B_C_A	0.1300675324675325	0.0	0.603
7kde_M_N_E	0.12799484126984126	0.0	0.412
4ybl_H_L_G	0.127003354978355	0.0	0.415
7lg6_H_L_A	0.12612738095238096	0.444	0.594
7ll1_H_L_A	0.12612738095238096	0.455	0.599
7ll1_J_K_G	0.12612738095238096	0.469	0.599
6dc3_H_L_F	0.12588333333333335	0.0	0.416
6p62_C_D_B	0.12395416666666667	0.344	0.373
4yc2_B_C_A	0.12272976190476192	0.0	0.415
7klc_H_L_A	0.12076011904761906	0.132	0.564
6ot1_A_C_O	0.12074821428571428	0.0	0.529
6opa_S_R_G	0.11886607142857143	0.361	0.394
5vj6_M_N_B	0.11827817460317461	0.0	0.574
6orp_H_L_G	0.11822757936507937	0.0	0.387
6orp_J_K_I	0.11822757936507937	0.0	0.387
5a8h_L_K_G	0.11793769841269842	0.014	0.566
5a8h_R_Q_M	0.11793769841269842	0.012	0.566
5thr_P_Q_C	0.11793769841269842	0.0	0.566
6cm3_T_U_C	0.11793769841269842	0.0	0.566
3hi1_B_A_J	0.11484844322344324	0.14	0.62
6x97_E_F_C	0.11428333333333335	0.0	0.371
6mph_1_2_6	0.11296666666666669	0.0	0.245
6mpg_3_4_A	0.1113741883116883	0.0	0.262
6xcj_H_L_G	0.11056249999999998	0.118	0.619
3p30_H_L_A	0.10877797619047619	0.0	0.435
4rfo_H_L_G	0.10762121212121215	0.0	0.414
5kjr_H_L_G	0.10762121212121215	0.0	0.414
5w4l_B_C_A	0.10563333333333334	0.0	0.626
5ukr_H_L_G	0.10555833333333334	0.0	0.41
6ofi_H_L_G	0.10501666666666666	0.0	0.641
7rai_H_L_A	0.10433787878787879	0.0	0.572
6dc5_B_C_A	0.10387500000000001	0.0	0.632
5aco_G_J_C	0.09835032467532467	0.0	0.405
3mac_H_L_A	0.09590297619047618	0.0	0.443
4khx_H_L_A	0.09590297619047618	0.0	0.443
6nf2_H_L_B	0.09529166666666668	0.0	0.585
3u4e_A_B_J	0.09287348068598068	0.0	0.416
6osy_H_L_A	0.0900452380952381	0.0	0.517
4ywg_H_L_G	0.08819107142857142	0.0	0.589
6chb_J_K_G	0.08655054112554113	0.0	0.414
6dfg_H_L_A	0.08655054112554113	0.0	0.423
3ma9_H_L_A	0.08488928571428572	0.0	0.438
6mto_H_L_T	0.0803154761904762	0.0	0.648
6u0l_H_L_A	0.07617023809523811	0.0	0.431
6u0l_I_J_B	0.07617023809523811	0.0	0.431
6u0l_P_Q_C	0.07617023809523811	0.0	0.431
1n5y_H_L_B	0.07550595238095238	0.0	0.412
1n6q_H_L_B	0.07550595238095238	0.0	0.412
5t3z_H_L_G	0.07471666666666667	0.0	0.417
6ccb_H_L_G	0.07471666666666667	0.0	0.415
6orn_F_I_K	0.07471666666666667	0.0	0.417
5t3s_D_E_B	0.06444103535353535	0.0	0.41
5utf_D_E_B	0.06444103535353535	0.0	0.41
5uty_D_E_B	0.06444103535353535	0.0	0.41
6ce0_D_E_B	0.06444103535353535	0.0	0.408
6ch7_D_E_B	0.06444103535353535	0.0	0.408
6ck9_D_E_B	0.06444103535353535	0.0	0.26
6de7_D_E_B	0.06444103535353535	0.0	0.41
6ieq_D_E_B	0.06444103535353535	0.0	0.41
6mdt_D_E_B	0.06444103535353535	0.0	0.408
6mu8_D_E_B	0.06444103535353535	0.0	0.26
6mug_D_E_B	0.06444103535353535	0.0	0.26
6nnj_D_E_B	0.06444103535353535	0.0	0.262
6w03_D_E_B	0.06444103535353535	0.0	0.26
6wix_D_E_B	0.06444103535353535	0.0	0.26
3vrl_H_L_C	0.062155082417582413	0.0	0.422
6mtj_H_L_G	0.04794166666666667	0.0	0.415
6mu6_H_L_G	0.04794166666666667	0.0	0.415
6nm6_H_L_G	0.04794166666666667	0.0	0.415
6nnj_H_L_G	0.04794166666666667	0.0	0.415
6vzi_H_L_G	0.04794166666666667	0.0	0.415
5d9q_H_L_G	0.045201190476190485	0.0	0.405
5d9q_N_M_J	0.045201190476190485	0.0	0.405
5u7m_H_L_G	0.045201190476190485	0.0	0.406
5u7o_H_L_G	0.045201190476190485	0.0	0.406
5utf_H_L_G	0.045201190476190485	0.0	0.406
6b0n_H_L_G	0.045201190476190485	0.0	0.406
6cdi_5_6_2	0.045201190476190485	0.0	0.234
6cuf_5_6_2	0.045201190476190485	0.0	0.235
6cuf_M_N_C	0.045201190476190485	0.0	0.235
6mph_M_N_C	0.045201190476190485	0.0	0.234
6n1w_5_6_C	0.045201190476190485	0.0	0.235
6n1w_m_n_2	0.045201190476190485	0.0	0.235
6nf2_E_F_G	0.045201190476190485	0.0	0.406
6osy_C_D_B	0.045201190476190485	0.0	0.406
6ot1_F_I_E	0.045201190476190485	0.0	0.406
4r2g_D_C_O	0.04089285714285715	0.0	0.425
1gc1_H_L_G	0.03523888888888889	0.0	0.612
1yyl_H_L_G	0.03523888888888889	0.0	0.62
2i60_H_L_G	0.03523888888888889	0.0	0.62
2nxy_D_C_A	0.03523888888888889	0.0	0.62
2nxz_D_C_A	0.03523888888888889	0.0	0.62
2ny0_D_C_A	0.03523888888888889	0.0	0.62
2ny1_D_C_A	0.03523888888888889	0.0	0.62
2ny4_D_C_A	0.03523888888888889	0.0	0.62
2ny5_H_L_G	0.03523888888888889	0.0	0.62
2ny6_D_C_A	0.03523888888888889	0.0	0.62
6cm3_K_J_D	0.03523888888888889	0.0	0.62
6cm3_O_N_E	0.03523888888888889	0.0	0.62
6opp_G_I_D	0.03523888888888889	0.0	0.617
6opp_H_L_A	0.03523888888888889	0.0	0.617
6x5b_H_L_A	0.03523888888888889	0.0	0.617
7lo6_H_G_E	0.03523888888888889	0.0	0.606
7lok_K_J_A	0.03523888888888889	0.0	0.606
7lok_M_L_C	0.03523888888888889	0.0	0.606
