abname	sesascore	episim	absim
5vj6_M_N_B	0.2587854978354978	0.053	0.431
5t3s_D_E_B	0.24214206349206346	0.571	0.993
5utf_D_E_B	0.24214206349206346	0.583	0.996
5uty_D_E_B	0.24214206349206346	0.75	0.996
6ce0_D_E_B	0.24214206349206346	0.643	1.0
6ch7_D_E_B	0.24214206349206346	1.0	1.0
6ck9_D_E_B	0.24214206349206346	0.333	0.517
6de7_D_E_B	0.24214206349206346	0.615	0.996
6ieq_D_E_B	0.24214206349206346	0.312	0.993
6mdt_D_E_B	0.24214206349206346	0.5	1.0
6mu8_D_E_B	0.24214206349206346	0.667	0.514
6mug_D_E_B	0.24214206349206346	0.357	0.514
6nnj_D_E_B	0.24214206349206346	0.667	0.533
6w03_D_E_B	0.24214206349206346	0.615	0.514
6wix_D_E_B	0.24214206349206346	0.429	0.514
5a8h_L_K_G	0.22083549783549788	0.0	0.434
5a8h_R_Q_M	0.22083549783549788	0.0	0.434
5thr_P_Q_C	0.22083549783549788	0.136	0.434
6cm3_T_U_C	0.22083549783549788	0.111	0.434
7kde_M_N_E	0.2135870851370852	0.0	0.566
3u4e_A_B_J	0.20033571428571428	0.0	0.58
6dc5_B_C_A	0.19265773809523803	0.0	0.455
5t3z_H_L_G	0.18853908730158733	0.0	0.539
6ccb_H_L_G	0.18853908730158733	0.0	0.541
6orn_F_I_K	0.18853908730158733	0.0	0.539
6mtj_H_L_G	0.18308829365079368	0.0	0.544
6mu6_H_L_G	0.18308829365079368	0.0	0.544
6nm6_H_L_G	0.18308829365079368	0.0	0.544
6nnj_H_L_G	0.18308829365079368	0.0	0.544
6vzi_H_L_G	0.18308829365079368	0.0	0.544
1n5y_H_L_B	0.17140833333333333	0.0	0.342
1n6q_H_L_B	0.17140833333333333	0.0	0.342
6orp_H_L_G	0.1473607142857143	0.0	0.549
6orp_J_K_I	0.1473607142857143	0.0	0.549
5aco_G_J_C	0.14542359307359307	0.0	0.575
3ma9_H_L_A	0.14306785714285716	0.0	0.595
5f96_H_L_G	0.14295	0.0	0.413
1e6j_H_L_P	0.14239935064935066	0.0	0.364
4ydj_A_B_I	0.1423952380952381	0.0	0.568
4ydj_H_L_G	0.1423952380952381	0.0	0.568
4r2g_D_C_O	0.13935079365079367	0.0	0.533
7lg6_H_L_A	0.1358	0.0	0.419
7ll1_H_L_A	0.1358	0.0	0.414
7ll1_J_K_G	0.1358	0.0	0.414
5v8l_I_M_D	0.1355529761904762	0.0	0.432
7ly9_A_M_K	0.1355529761904762	0.0	0.432
7ly9_B_C_G	0.1355529761904762	0.0	0.432
7pc2_G_H_C	0.1355529761904762	0.0	0.432
7pc2_K_L_A	0.1355529761904762	0.0	0.432
5f9o_H_L_G	0.13452777777777777	0.0	0.443
4xmp_H_L_G	0.1321119047619048	0.0	0.427
4yc2_B_C_A	0.13201369047619047	0.0	0.581
3mac_H_L_A	0.13130952380952382	0.0	0.592
4khx_H_L_A	0.13130952380952382	0.0	0.592
4jan_A_B_I	0.1291611111111111	0.0	0.557
6ot1_A_C_O	0.1279612554112554	0.0	0.399
4ybl_H_L_G	0.12564702380952383	0.0	0.581
6nfc_J_M_G	0.12535238095238097	0.0	0.262
4xny_H_L_G	0.124575	0.0	0.43
3vrl_H_L_C	0.12383571428571429	0.0	0.343
3p30_H_L_A	0.12323988095238095	0.0	0.601
6osy_H_L_A	0.1228202380952381	0.0	0.408
4ywg_H_L_G	0.1195577380952381	0.0	0.412
6u0l_H_L_A	0.11842619047619049	0.0	0.577
6u0l_I_J_B	0.11842619047619049	0.0	0.577
6u0l_P_Q_C	0.11842619047619049	0.0	0.577
3j70_A_B_D	0.11731547619047619	0.0	0.451
4rfo_H_L_G	0.11697321428571429	0.0	0.609
5kjr_H_L_G	0.11697321428571429	0.0	0.609
4jpv_H_L_G	0.11509464285714285	0.0	0.432
4lsv_H_L_G	0.11509464285714285	0.0	0.432
5ukr_H_L_G	0.11418333333333333	0.0	0.547
6bf4_B_C_A	0.11349047619047617	0.0	0.404
4rwy_H_L_A	0.11342380952380952	0.0	0.434
7mxe_R_W_J	0.11158208874458876	0.0	0.514
7klc_H_L_A	0.11036904761904763	0.0	0.418
4rx4_A_D_E	0.10833214285714285	0.0	0.437
4rx4_H_L_G	0.10833214285714285	0.0	0.437
6p62_C_D_B	0.10638571428571429	0.0	0.36
7llk_C_D_A	0.10605238095238094	0.0	0.546
6x97_E_F_C	0.1057559523809524	0.0	0.352
5w4l_B_C_A	0.10551904761904764	0.0	0.462
6mpg_3_4_A	0.10500892857142859	0.0	0.239
6nf2_H_L_B	0.10473149350649351	0.0	0.411
6ofi_H_L_G	0.10374246031746033	0.0	0.463
4ye4_H_L_G	0.10202499999999999	0.0	0.397
7tfn_P_Q_C	0.10076785714285716	0.0	0.56
6oz3_H_L_G	0.09917797619047619	0.0	0.582
6xcj_H_L_G	0.09893214285714286	0.0	0.457
3hi1_B_A_J	0.09841666666666667	0.0	0.432
4s1s_H_L_G	0.09756661255411254	0.0	0.449
6mph_1_2_6	0.09748690476190479	0.0	0.228
4j6r_H_L_G	0.09734880952380952	0.0	0.459
6mto_H_L_T	0.09698095238095236	0.0	0.452
7tfo_H_L_A	0.09473511904761905	0.0	0.607
7jks_H_L_G	0.09173452380952382	0.0	0.403
5d9q_H_L_G	0.09132499999999999	0.0	0.55
5d9q_N_M_J	0.09132499999999999	0.0	0.55
5u7m_H_L_G	0.09132499999999999	0.0	0.548
5u7o_H_L_G	0.09132499999999999	0.0	0.548
5utf_H_L_G	0.09132499999999999	0.0	0.548
6b0n_H_L_G	0.09132499999999999	0.0	0.548
6cdi_5_6_2	0.09132499999999999	0.0	0.24
6cuf_5_6_2	0.09132499999999999	0.0	0.241
6cuf_M_N_C	0.09132499999999999	0.0	0.241
6mph_M_N_C	0.09132499999999999	0.0	0.24
6n1w_5_6_C	0.09132499999999999	0.0	0.241
6n1w_m_n_2	0.09132499999999999	0.0	0.241
6nf2_E_F_G	0.09132499999999999	0.0	0.548
6osy_C_D_B	0.09132499999999999	0.0	0.548
6ot1_F_I_E	0.09132499999999999	0.0	0.548
7ll2_I_J_C	0.09090952380952382	0.0	0.43
6chb_J_K_G	0.08806051587301587	0.0	0.533
6dfg_H_L_A	0.08806051587301587	0.0	0.541
6b0n_D_E_G	0.08787545787545786	0.0	0.623
6p8n_B_D_A	0.08783704906204906	0.0	0.46
6opa_S_R_G	0.08777857142857143	0.0	0.547
4ydl_H_L_G	0.08723690476190477	0.0	0.434
4r4f_H_L_A	0.08699880952380953	0.0	0.431
3ngb_B_C_A	0.08683333333333332	0.0	0.443
4lss_H_L_G	0.08683333333333332	0.0	0.445
6v8x_C_D_A	0.08683333333333332	0.0	0.442
6vlw_H_L_G	0.08683333333333332	0.0	0.452
6udk_D_E_G	0.08526250000000002	0.0	0.43
6udk_M_N_R	0.08526250000000002	0.0	0.43
6fy1_H_L_G	0.08416666666666667	0.0	0.605
6dc3_H_L_F	0.08351071428571429	0.0	0.591
4lsu_H_L_G	0.08196945138195137	0.0	0.592
5wb9_H_L_G	0.08136666666666666	0.0	0.456
3u7y_H_L_G	0.08053030303030302	0.0	0.451
5cd5_C_D_A	0.0769	0.0	0.432
4lsp_H_L_G	0.07636865079365077	0.0	0.423
4xvt_H_L_G	0.0759422077922078	0.0	0.456
7rai_H_L_A	0.07592857142857141	0.0	0.429
4olw_H_L_G	0.07459696969696969	0.0	0.449
4jb9_H_L_G	0.073	0.0	0.408
4om1_H_L_G	0.0716969696969697	0.0	0.449
4olx_H_L_G	0.0695969696969697	0.0	0.449
6udj_D_E_P	0.06575	0.0	0.347
6chb_M_N_F	0.06426363636363637	0.0	0.639
1gc1_H_L_G	0.05941666666666667	0.0	0.442
1yyl_H_L_G	0.05941666666666667	0.0	0.446
2i60_H_L_G	0.05941666666666667	0.0	0.446
2nxy_D_C_A	0.05941666666666667	0.0	0.446
2nxz_D_C_A	0.05941666666666667	0.0	0.446
2ny0_D_C_A	0.05941666666666667	0.0	0.446
2ny1_D_C_A	0.05941666666666667	0.0	0.446
2ny4_D_C_A	0.05941666666666667	0.0	0.446
2ny5_H_L_G	0.05941666666666667	0.0	0.446
2ny6_D_C_A	0.05941666666666667	0.0	0.446
6cm3_K_J_D	0.05941666666666667	0.0	0.446
6cm3_O_N_E	0.05941666666666667	0.0	0.446
6opp_G_I_D	0.05941666666666667	0.0	0.443
6opp_H_L_A	0.05941666666666667	0.0	0.443
6x5b_H_L_A	0.05941666666666667	0.0	0.443
7lo6_H_G_E	0.05941666666666667	0.0	0.448
7lok_K_J_A	0.05941666666666667	0.0	0.448
7lok_M_L_C	0.05941666666666667	0.0	0.448
4cc8_F_J_D	0.05903214285714285	0.0	0.417
4cc8_H_L_E	0.05903214285714285	0.0	0.417
6cde_5_6_2	0.05903214285714285	0.0	0.408
6cdi_8_7_2	0.05903214285714285	0.0	0.382
6cuf_8_7_2	0.05903214285714285	0.0	0.228
6mpg_8_7_2	0.05903214285714285	0.0	0.382
6mph_g_i_B	0.05903214285714285	0.0	0.382
6n1v_Q_R_C	0.05903214285714285	0.0	0.228
6n1w_Q_R_c	0.05903214285714285	0.0	0.228
6nf2_C_D_G	0.05903214285714285	0.0	0.42
6osy_F_E_B	0.05903214285714285	0.0	0.419
6osy_P_O_K	0.05903214285714285	0.0	0.419
6ot1_J_K_E	0.05903214285714285	0.0	0.419
6v8z_C_F_A	0.05903214285714285	0.0	0.412
3j5m_D_C_A	0.056329112554112555	0.0	0.427
6crq_D_E_A	0.056329112554112555	0.0	0.427
6crq_I_K_B	0.056329112554112555	0.0	0.427
6vo3_G_J_C	0.056329112554112555	0.0	0.427
7rsn_E_J_C	0.056329112554112555	0.0	0.429
7rso_G_J_C	0.056329112554112555	0.0	0.429
5te4_H_L_G	0.056017803030303036	0.0	0.458
5te7_H_L_G	0.056017803030303036	0.0	0.458
2ny7_H_L_G	0.05540654761904761	0.0	0.472
5vn8_I_K_E	0.05540654761904761	0.0	0.472
4xnz_B_C_A	0.0539469696969697	0.0	0.423
4xnz_E_F_D	0.0539469696969697	0.0	0.423
