abname	sesascore	episim	absim
4om1_H_L_G	0.5657392857142857	0.395	0.643
4olw_H_L_G	0.5644059523809524	0.455	0.643
4olx_H_L_G	0.5620428571428571	0.424	0.646
3ngb_B_C_A	0.542347619047619	0.455	0.651
4lss_H_L_G	0.542347619047619	0.351	0.657
6v8x_C_D_A	0.542347619047619	0.64	0.647
6vlw_H_L_G	0.542347619047619	0.0	0.653
3u7y_H_L_G	0.5041309523809524	0.357	0.636
4xvt_H_L_G	0.4812059523809524	0.552	0.681
5v8l_I_M_D	0.4741636904761905	0.654	0.629
7ly9_A_M_K	0.4741636904761905	0.394	0.629
7ly9_B_C_G	0.4741636904761905	0.424	0.629
7pc2_G_H_C	0.4741636904761905	0.727	0.629
7pc2_K_L_A	0.4741636904761905	0.696	0.629
3j5m_D_C_A	0.46158327922077924	0.593	1.0
6crq_D_E_A	0.46158327922077924	0.952	1.0
6crq_I_K_B	0.46158327922077924	1.0	1.0
6vo3_G_J_C	0.46158327922077924	0.607	1.0
7rsn_E_J_C	0.46158327922077924	0.448	0.998
7rso_G_J_C	0.46158327922077924	0.5	0.998
4cc8_F_J_D	0.4357119047619048	0.0	0.657
4cc8_H_L_E	0.4357119047619048	0.0	0.657
6cde_5_6_2	0.4357119047619048	0.567	0.647
6cdi_8_7_2	0.4357119047619048	0.515	0.463
6cuf_8_7_2	0.4357119047619048	0.5	0.291
6mpg_8_7_2	0.4357119047619048	0.516	0.463
6mph_g_i_B	0.4357119047619048	0.5	0.463
6n1v_Q_R_C	0.4357119047619048	0.467	0.29
6n1w_Q_R_c	0.4357119047619048	0.567	0.291
6nf2_C_D_G	0.4357119047619048	0.552	0.657
6osy_F_E_B	0.4357119047619048	0.517	0.66
6osy_P_O_K	0.4357119047619048	0.519	0.66
6ot1_J_K_E	0.4357119047619048	0.533	0.66
6v8z_C_F_A	0.4357119047619048	0.533	0.651
4jpv_H_L_G	0.42034047619047626	0.419	0.629
4lsv_H_L_G	0.42034047619047626	0.438	0.629
4xnz_B_C_A	0.4057827380952381	0.395	0.662
4xnz_E_F_D	0.4057827380952381	0.438	0.662
6chb_M_N_F	0.400670238095238	0.586	0.453
5te4_H_L_G	0.3876436507936508	0.333	0.64
5te7_H_L_G	0.3876436507936508	0.441	0.64
4jb9_H_L_G	0.33278928571428573	0.405	0.633
6p8n_B_D_A	0.31948472222222224	0.0	0.632
4lsu_H_L_G	0.3074119047619047	0.366	0.467
4j6r_H_L_G	0.29476428571428576	0.359	0.654
4s1s_H_L_G	0.2785457792207793	0.452	0.655
7jks_H_L_G	0.27229603174603184	0.438	0.503
6udj_D_E_P	0.2555	0.516	0.427
5wb9_H_L_G	0.2515107142857143	0.536	0.604
6b0n_D_E_G	0.25134999999999996	0.516	0.476
5cd5_C_D_A	0.23634126984126985	0.406	0.613
4ydl_H_L_G	0.23535194805194806	0.455	0.666
4lsp_H_L_G	0.21259722222222222	0.382	0.601
6oz3_H_L_G	0.20996773182957393	0.467	0.47
7llk_C_D_A	0.19764047619047623	0.414	0.436
7lg6_H_L_A	0.18857638888888892	0.469	0.608
7ll1_H_L_A	0.18857638888888892	0.483	0.61
7ll1_J_K_G	0.18857638888888892	0.5	0.61
5f9o_H_L_G	0.17854583333333335	0.483	0.62
6udk_D_E_G	0.17587738095238098	0.586	0.564
6udk_M_N_R	0.17587738095238098	0.531	0.564
2ny7_H_L_G	0.17240972222222223	0.222	0.647
5vn8_I_K_E	0.17240972222222223	0.146	0.647
5f96_H_L_G	0.16993571428571425	0.571	0.601
4rx4_A_D_E	0.16610059523809526	0.289	0.632
4rx4_H_L_G	0.16610059523809526	0.349	0.632
4xny_H_L_G	0.15918214285714283	0.357	0.627
4rwy_H_L_A	0.15883154761904764	0.31	0.637
7tfo_H_L_A	0.15843541666666666	0.263	0.472
4xmp_H_L_G	0.1541690476190476	0.312	0.649
7ll2_I_J_C	0.15015238095238098	0.577	0.579
6nfc_J_M_G	0.14128273809523811	0.0	0.26
6dc3_H_L_F	0.13836957070707073	0.0	0.439
4ye4_H_L_G	0.13788988095238094	0.323	0.575
4r4f_H_L_A	0.13438333333333333	0.0	0.594
1e6j_H_L_P	0.13095113636363634	0.0	0.432
4ydj_A_B_I	0.12898772893772895	0.333	0.44
4ydj_H_L_G	0.12898772893772895	0.289	0.44
7klc_H_L_A	0.12886071428571427	0.086	0.588
6mph_1_2_6	0.12874166666666667	0.0	0.25
6p62_C_D_B	0.12816785714285714	0.31	0.388
4ywg_H_L_G	0.12569702380952383	0.0	0.591
6opa_S_R_G	0.12493690476190478	0.375	0.402
6fy1_H_L_G	0.12483333333333334	0.0	0.442
3p30_H_L_A	0.12437142857142856	0.0	0.439
3vrl_H_L_C	0.12307916666666667	0.0	0.414
4jan_A_B_I	0.11996011904761907	0.323	0.442
5w4l_B_C_A	0.11965	0.0	0.653
3u4e_A_B_J	0.11833571428571431	0.0	0.438
6ot1_A_C_O	0.11744583333333333	0.0	0.531
3j70_A_B_D	0.11712896825396825	0.0	0.595
6bf4_B_C_A	0.11634375	0.0	0.616
4ybl_H_L_G	0.11522222222222221	0.0	0.422
4rfo_H_L_G	0.11482083333333333	0.0	0.424
5kjr_H_L_G	0.11482083333333333	0.0	0.424
4yc2_B_C_A	0.11226190476190476	0.0	0.422
7mxe_R_W_J	0.1116452380952381	0.0	0.388
6x97_E_F_C	0.1108261904761905	0.0	0.378
7rai_H_L_A	0.1104021645021645	0.0	0.574
6orp_H_L_G	0.11026607142857142	0.0	0.406
6orp_J_K_I	0.11026607142857142	0.0	0.406
3hi1_B_A_J	0.10713531746031749	0.1	0.644
3mac_H_L_A	0.10499702380952379	0.0	0.444
4khx_H_L_A	0.10499702380952379	0.0	0.444
6xcj_H_L_G	0.10478253968253969	0.182	0.624
5ukr_H_L_G	0.10438571428571429	0.0	0.409
5vj6_M_N_B	0.10409226190476192	0.0	0.573
6osy_H_L_A	0.10328988095238094	0.0	0.516
7tfn_P_Q_C	0.10283452380952379	0.378	0.419
5a8h_L_K_G	0.10100476190476192	0.03	0.57
5a8h_R_Q_M	0.10100476190476192	0.038	0.57
5thr_P_Q_C	0.10100476190476192	0.0	0.57
6cm3_T_U_C	0.10100476190476192	0.0	0.57
6nf2_H_L_B	0.09852023809523812	0.0	0.599
7kde_M_N_E	0.09735535714285715	0.0	0.425
6chb_J_K_G	0.09619464285714285	0.0	0.436
6dfg_H_L_A	0.09619464285714285	0.0	0.443
6ofi_H_L_G	0.09400912698412697	0.0	0.643
6mpg_3_4_A	0.09287916666666668	0.0	0.25
5aco_G_J_C	0.08887936507936507	0.0	0.431
3ma9_H_L_A	0.08656249999999999	0.0	0.444
6dc5_B_C_A	0.08469642857142858	0.0	0.652
6u0l_H_L_A	0.08208333333333333	0.0	0.435
6u0l_I_J_B	0.08208333333333333	0.0	0.435
6u0l_P_Q_C	0.08208333333333333	0.0	0.435
6mto_H_L_T	0.07927440476190478	0.0	0.662
5t3z_H_L_G	0.07440000000000001	0.0	0.43
6ccb_H_L_G	0.07440000000000001	0.0	0.428
6orn_F_I_K	0.07440000000000001	0.0	0.43
1n5y_H_L_B	0.07223333333333334	0.0	0.411
1n6q_H_L_B	0.07223333333333334	0.0	0.411
1gc1_H_L_G	0.06102797619047619	0.0	0.62
1yyl_H_L_G	0.06102797619047619	0.0	0.628
2i60_H_L_G	0.06102797619047619	0.0	0.628
2nxy_D_C_A	0.06102797619047619	0.0	0.628
2nxz_D_C_A	0.06102797619047619	0.0	0.628
2ny0_D_C_A	0.06102797619047619	0.0	0.628
2ny1_D_C_A	0.06102797619047619	0.0	0.628
2ny4_D_C_A	0.06102797619047619	0.0	0.628
2ny5_H_L_G	0.06102797619047619	0.0	0.628
2ny6_D_C_A	0.06102797619047619	0.0	0.628
6cm3_K_J_D	0.06102797619047619	0.0	0.628
6cm3_O_N_E	0.06102797619047619	0.0	0.628
6opp_G_I_D	0.06102797619047619	0.0	0.625
6opp_H_L_A	0.06102797619047619	0.0	0.625
6x5b_H_L_A	0.06102797619047619	0.0	0.625
7lo6_H_G_E	0.06102797619047619	0.0	0.619
7lok_K_J_A	0.06102797619047619	0.0	0.619
7lok_M_L_C	0.06102797619047619	0.0	0.619
5t3s_D_E_B	0.058229166666666665	0.0	0.429
5utf_D_E_B	0.058229166666666665	0.0	0.43
5uty_D_E_B	0.058229166666666665	0.0	0.43
6ce0_D_E_B	0.058229166666666665	0.0	0.427
6ch7_D_E_B	0.058229166666666665	0.0	0.427
6ck9_D_E_B	0.058229166666666665	0.0	0.26
6de7_D_E_B	0.058229166666666665	0.0	0.43
6ieq_D_E_B	0.058229166666666665	0.0	0.429
6mdt_D_E_B	0.058229166666666665	0.0	0.427
6mu8_D_E_B	0.058229166666666665	0.0	0.26
6mug_D_E_B	0.058229166666666665	0.0	0.26
6nnj_D_E_B	0.058229166666666665	0.0	0.257
6w03_D_E_B	0.058229166666666665	0.0	0.26
6wix_D_E_B	0.058229166666666665	0.0	0.26
6mtj_H_L_G	0.055	0.0	0.433
6mu6_H_L_G	0.055	0.0	0.433
6nm6_H_L_G	0.055	0.0	0.433
6nnj_H_L_G	0.055	0.0	0.433
6vzi_H_L_G	0.055	0.0	0.433
4r2g_D_C_O	0.04731666666666667	0.0	0.443
5d9q_H_L_G	0.046773809523809516	0.0	0.429
5d9q_N_M_J	0.046773809523809516	0.0	0.429
5u7m_H_L_G	0.046773809523809516	0.0	0.428
5u7o_H_L_G	0.046773809523809516	0.0	0.428
5utf_H_L_G	0.046773809523809516	0.0	0.428
6b0n_H_L_G	0.046773809523809516	0.0	0.428
6cdi_5_6_2	0.046773809523809516	0.0	0.239
6cuf_5_6_2	0.046773809523809516	0.0	0.239
6cuf_M_N_C	0.046773809523809516	0.0	0.239
6mph_M_N_C	0.046773809523809516	0.0	0.239
6n1w_5_6_C	0.046773809523809516	0.0	0.239
6n1w_m_n_2	0.046773809523809516	0.0	0.239
6nf2_E_F_G	0.046773809523809516	0.0	0.428
6osy_C_D_B	0.046773809523809516	0.0	0.428
6ot1_F_I_E	0.046773809523809516	0.0	0.428
