abname	sesascore	episim	absim
5t3s_D_E_B	0.6873785714285715	0.4	1.0
5utf_D_E_B	0.6873785714285715	0.385	0.989
5uty_D_E_B	0.6873785714285715	0.429	0.989
6ce0_D_E_B	0.6873785714285715	0.375	0.993
6ch7_D_E_B	0.6873785714285715	0.312	0.993
6ck9_D_E_B	0.6873785714285715	0.357	0.521
6de7_D_E_B	0.6873785714285715	0.429	0.989
6ieq_D_E_B	0.6873785714285715	1.0	1.0
6mdt_D_E_B	0.6873785714285715	0.538	0.993
6mu8_D_E_B	0.6873785714285715	0.462	0.517
6mug_D_E_B	0.6873785714285715	0.385	0.517
6nnj_D_E_B	0.6873785714285715	0.462	0.536
6w03_D_E_B	0.6873785714285715	0.429	0.517
6wix_D_E_B	0.6873785714285715	0.462	0.517
3u4e_A_B_J	0.22335297619047617	0.0	0.575
5d9q_H_L_G	0.21351349206349204	0.0	0.552
5d9q_N_M_J	0.21351349206349204	0.0	0.552
5u7m_H_L_G	0.21351349206349204	0.0	0.551
5u7o_H_L_G	0.21351349206349204	0.0	0.551
5utf_H_L_G	0.21351349206349204	0.0	0.551
6b0n_H_L_G	0.21351349206349204	0.0	0.551
6cdi_5_6_2	0.21351349206349204	0.0	0.241
6cuf_5_6_2	0.21351349206349204	0.0	0.242
6cuf_M_N_C	0.21351349206349204	0.0	0.242
6mph_M_N_C	0.21351349206349204	0.0	0.241
6n1w_5_6_C	0.21351349206349204	0.0	0.242
6n1w_m_n_2	0.21351349206349204	0.0	0.242
6nf2_E_F_G	0.21351349206349204	0.0	0.551
6osy_C_D_B	0.21351349206349204	0.0	0.551
6ot1_F_I_E	0.21351349206349204	0.0	0.551
6mtj_H_L_G	0.20715357142857146	0.0	0.541
6mu6_H_L_G	0.20715357142857146	0.0	0.541
6nm6_H_L_G	0.20715357142857146	0.0	0.541
6nnj_H_L_G	0.20715357142857146	0.0	0.541
6vzi_H_L_G	0.20715357142857146	0.0	0.541
5a8h_L_K_G	0.18888035714285714	0.0	0.434
5a8h_R_Q_M	0.18888035714285714	0.0	0.434
5thr_P_Q_C	0.18888035714285714	0.043	0.434
6cm3_T_U_C	0.18888035714285714	0.0	0.434
4r2g_D_C_O	0.18520714285714285	0.0	0.536
5vj6_M_N_B	0.18378035714285715	0.0	0.43
5t3z_H_L_G	0.17424603174603176	0.0	0.542
6ccb_H_L_G	0.17424603174603176	0.0	0.544
6orn_F_I_K	0.17424603174603176	0.0	0.542
3ma9_H_L_A	0.16525714285714288	0.0	0.595
7kde_M_N_E	0.1647537518037518	0.0	0.568
6chb_J_K_G	0.1645175324675325	0.0	0.535
6dfg_H_L_A	0.1645175324675325	0.0	0.544
7ll2_I_J_C	0.15755178571428569	0.0	0.43
6x97_E_F_C	0.1488922619047619	0.0	0.354
3mac_H_L_A	0.14492857142857143	0.0	0.592
4khx_H_L_A	0.14492857142857143	0.0	0.592
6dc5_B_C_A	0.141525	0.0	0.457
6mpg_3_4_A	0.1389672619047619	0.0	0.241
6xcj_H_L_G	0.1375375	0.0	0.46
6mph_1_2_6	0.1365702380952381	0.0	0.229
6u0l_H_L_A	0.13439126984126987	0.0	0.58
6u0l_I_J_B	0.13439126984126987	0.0	0.58
6u0l_P_Q_C	0.13439126984126987	0.0	0.58
4ywg_H_L_G	0.13219603174603176	0.0	0.414
4jan_A_B_I	0.13211250000000002	0.0	0.56
7lg6_H_L_A	0.13109166666666663	0.0	0.421
7ll1_H_L_A	0.13109166666666663	0.0	0.416
7ll1_J_K_G	0.13109166666666663	0.0	0.416
6orp_H_L_G	0.12966666666666668	0.0	0.552
6orp_J_K_I	0.12966666666666668	0.0	0.552
6nf2_H_L_B	0.12334166666666666	0.0	0.412
4ye4_H_L_G	0.1227246031746032	0.0	0.398
3p30_H_L_A	0.12181309523809523	0.0	0.604
6osy_H_L_A	0.11917380952380953	0.0	0.404
4rwy_H_L_A	0.11804702380952381	0.0	0.436
7llk_C_D_A	0.11690833333333334	0.0	0.549
5w4l_B_C_A	0.11647738095238094	0.0	0.464
6nfc_J_M_G	0.11646818181818182	0.0	0.264
6dc3_H_L_F	0.11609404761904762	0.0	0.594
4rx4_A_D_E	0.11579702380952382	0.0	0.439
4rx4_H_L_G	0.11579702380952382	0.0	0.439
7mxe_R_W_J	0.11483630952380955	0.0	0.517
4rfo_H_L_G	0.11330119047619049	0.0	0.609
5kjr_H_L_G	0.11330119047619049	0.0	0.609
6ot1_A_C_O	0.11326742424242424	0.0	0.397
7klc_H_L_A	0.11022738095238095	0.0	0.42
6oz3_H_L_G	0.10855	0.0	0.586
4xny_H_L_G	0.10813333333333335	0.0	0.432
6mto_H_L_T	0.10799444444444443	0.0	0.455
4xmp_H_L_G	0.10750119047619049	0.0	0.429
4ydj_A_B_I	0.10616964285714289	0.0	0.571
4ydj_H_L_G	0.10616964285714289	0.0	0.571
3j70_A_B_D	0.10601488095238094	0.0	0.454
6ofi_H_L_G	0.10454126984126984	0.0	0.466
1e6j_H_L_P	0.10401190476190478	0.0	0.366
6opa_S_R_G	0.10381309523809525	0.0	0.55
4r4f_H_L_A	0.10373293650793652	0.0	0.433
4s1s_H_L_G	0.10348181818181819	0.0	0.451
1n5y_H_L_B	0.10328095238095239	0.0	0.343
1n6q_H_L_B	0.10328095238095239	0.0	0.343
5ukr_H_L_G	0.10276309523809525	0.0	0.55
4yc2_B_C_A	0.10151845238095239	0.0	0.584
4ybl_H_L_G	0.10096726190476192	0.0	0.584
6bf4_B_C_A	0.10046666666666666	0.0	0.406
3vrl_H_L_C	0.10037500000000003	0.0	0.344
3hi1_B_A_J	0.10021666666666666	0.0	0.434
5f9o_H_L_G	0.09787500000000002	0.0	0.44
6p62_C_D_B	0.09712023809523808	0.0	0.361
5wb9_H_L_G	0.09673333333333334	0.0	0.458
7tfo_H_L_A	0.09622777777777779	0.0	0.61
6udk_D_E_G	0.09585416666666667	0.0	0.432
6udk_M_N_R	0.09585416666666667	0.0	0.432
7tfn_P_Q_C	0.09527142857142855	0.0	0.563
5cd5_C_D_A	0.09393273809523812	0.0	0.431
6p8n_B_D_A	0.09220833333333332	0.0	0.463
6fy1_H_L_G	0.09167499999999998	0.0	0.603
5f96_H_L_G	0.08928333333333333	0.0	0.415
4ydl_H_L_G	0.08816666666666668	0.0	0.436
4lsp_H_L_G	0.08664999999999999	0.0	0.425
2ny7_H_L_G	0.08415595238095239	0.0	0.475
5vn8_I_K_E	0.08415595238095239	0.0	0.475
4lsu_H_L_G	0.08271547619047621	0.0	0.595
1gc1_H_L_G	0.082	0.0	0.444
1yyl_H_L_G	0.082	0.0	0.448
2i60_H_L_G	0.082	0.0	0.448
2nxy_D_C_A	0.082	0.0	0.448
2nxz_D_C_A	0.082	0.0	0.448
2ny0_D_C_A	0.082	0.0	0.448
2ny1_D_C_A	0.082	0.0	0.448
2ny4_D_C_A	0.082	0.0	0.448
2ny5_H_L_G	0.082	0.0	0.448
2ny6_D_C_A	0.082	0.0	0.448
6cm3_K_J_D	0.082	0.0	0.448
6cm3_O_N_E	0.082	0.0	0.448
6opp_G_I_D	0.082	0.0	0.445
6opp_H_L_A	0.082	0.0	0.445
6x5b_H_L_A	0.082	0.0	0.445
7lo6_H_G_E	0.082	0.0	0.45
7lok_K_J_A	0.082	0.0	0.45
7lok_M_L_C	0.082	0.0	0.45
6b0n_D_E_G	0.08129015151515151	0.0	0.626
4jpv_H_L_G	0.07843777056277057	0.0	0.432
4lsv_H_L_G	0.07843777056277057	0.0	0.432
5v8l_I_M_D	0.07532110389610389	0.0	0.432
7ly9_A_M_K	0.07532110389610389	0.0	0.432
7ly9_B_C_G	0.07532110389610389	0.0	0.432
7pc2_G_H_C	0.07532110389610389	0.0	0.432
7pc2_K_L_A	0.07532110389610389	0.0	0.432
4j6r_H_L_G	0.07522738095238093	0.0	0.461
5aco_G_J_C	0.07493750000000002	0.0	0.578
6udj_D_E_P	0.07311666666666668	0.0	0.346
7jks_H_L_G	0.07230000000000002	0.0	0.4
4xvt_H_L_G	0.06974166666666667	0.0	0.458
3u7y_H_L_G	0.06965416666666667	0.0	0.453
6chb_M_N_F	0.06714583333333335	0.0	0.643
4jb9_H_L_G	0.06380555555555555	0.0	0.41
7rai_H_L_A	0.06274126984126983	0.0	0.427
3ngb_B_C_A	0.06204199134199134	0.0	0.445
4lss_H_L_G	0.06204199134199134	0.0	0.447
6v8x_C_D_A	0.06204199134199134	0.0	0.444
6vlw_H_L_G	0.06204199134199134	0.0	0.454
4cc8_F_J_D	0.061565476190476184	0.0	0.419
4cc8_H_L_E	0.061565476190476184	0.0	0.419
6cde_5_6_2	0.061565476190476184	0.0	0.41
6cdi_8_7_2	0.061565476190476184	0.0	0.384
6cuf_8_7_2	0.061565476190476184	0.0	0.229
6mpg_8_7_2	0.061565476190476184	0.0	0.384
6mph_g_i_B	0.061565476190476184	0.0	0.384
6n1v_Q_R_C	0.061565476190476184	0.0	0.229
6n1w_Q_R_c	0.061565476190476184	0.0	0.229
6nf2_C_D_G	0.061565476190476184	0.0	0.422
6osy_F_E_B	0.061565476190476184	0.0	0.421
6osy_P_O_K	0.061565476190476184	0.0	0.421
6ot1_J_K_E	0.061565476190476184	0.0	0.421
6v8z_C_F_A	0.061565476190476184	0.0	0.414
4om1_H_L_G	0.060708928571428566	0.0	0.451
4olw_H_L_G	0.060208928571428566	0.0	0.451
4olx_H_L_G	0.05670892857142856	0.0	0.451
4xnz_B_C_A	0.05518650793650793	0.0	0.425
4xnz_E_F_D	0.05518650793650793	0.0	0.425
5te4_H_L_G	0.052123484848484856	0.0	0.461
5te7_H_L_G	0.052123484848484856	0.0	0.461
3j5m_D_C_A	0.05193181818181819	0.0	0.429
6crq_D_E_A	0.05193181818181819	0.0	0.429
6crq_I_K_B	0.05193181818181819	0.0	0.429
6vo3_G_J_C	0.05193181818181819	0.0	0.429
7rsn_E_J_C	0.05193181818181819	0.0	0.431
7rso_G_J_C	0.05193181818181819	0.0	0.431
