abname	sesascore	episim	absim
3ngb_B_C_A	0.5746130952380952	0.395	0.467
4lss_H_L_G	0.5746130952380952	0.341	0.47
6v8x_C_D_A	0.5746130952380952	0.586	0.463
6vlw_H_L_G	0.5746130952380952	0.0	0.467
4cc8_F_J_D	0.5684532738095238	0.0	0.74
4cc8_H_L_E	0.5684532738095238	0.0	0.74
6cde_5_6_2	0.5684532738095238	0.857	0.756
6cdi_8_7_2	0.5684532738095238	0.897	1.0
6cuf_8_7_2	0.5684532738095238	0.893	0.699
6mpg_8_7_2	0.5684532738095238	1.0	1.0
6mph_g_i_B	0.5684532738095238	0.867	1.0
6n1v_Q_R_C	0.5684532738095238	0.75	0.697
6n1w_Q_R_c	0.5684532738095238	0.926	0.699
6nf2_C_D_G	0.5684532738095238	0.852	0.741
6osy_F_E_B	0.5684532738095238	0.581	0.744
6osy_P_O_K	0.5684532738095238	0.586	0.744
6ot1_J_K_E	0.5684532738095238	0.759	0.744
6v8z_C_F_A	0.5684532738095238	0.759	0.745
4om1_H_L_G	0.5461785714285713	0.487	0.472
4olx_H_L_G	0.5431452380952381	0.444	0.475
4olw_H_L_G	0.5375952380952381	0.432	0.472
3u7y_H_L_G	0.5091095238095237	0.319	0.446
4xvt_H_L_G	0.47685952380952373	0.351	0.458
3j5m_D_C_A	0.44872380952380947	0.5	0.463
6crq_D_E_A	0.44872380952380947	0.533	0.463
6crq_I_K_B	0.44872380952380947	0.516	0.463
6vo3_G_J_C	0.44872380952380947	0.429	0.463
7rsn_E_J_C	0.44872380952380947	0.306	0.462
7rso_G_J_C	0.44872380952380947	0.389	0.462
4xnz_B_C_A	0.41058787878787883	0.415	0.602
4xnz_E_F_D	0.41058787878787883	0.457	0.602
5te4_H_L_G	0.4021058270676692	0.293	0.42
5te7_H_L_G	0.4021058270676692	0.35	0.42
5v8l_I_M_D	0.3789460317460317	0.6	0.433
7ly9_A_M_K	0.3789460317460317	0.342	0.433
7ly9_B_C_G	0.3789460317460317	0.3	0.433
7pc2_G_H_C	0.3789460317460317	0.536	0.433
7pc2_K_L_A	0.3789460317460317	0.571	0.433
4jb9_H_L_G	0.35434166666666667	0.425	0.565
4jpv_H_L_G	0.32993452380952376	0.361	0.433
4lsv_H_L_G	0.32993452380952376	0.378	0.433
4j6r_H_L_G	0.3187583333333333	0.415	0.464
6p8n_B_D_A	0.31404166666666655	0.0	0.457
4s1s_H_L_G	0.2915119047619047	0.429	0.447
4lsu_H_L_G	0.2883875	0.356	0.421
7jks_H_L_G	0.2728773809523809	0.308	0.409
4lsp_H_L_G	0.2692773809523809	0.405	0.414
4ydl_H_L_G	0.2550997023809524	0.472	0.476
5cd5_C_D_A	0.25259077380952377	0.429	0.443
4xny_H_L_G	0.24122056277056275	0.378	0.454
6b0n_D_E_G	0.23847916666666666	0.677	0.425
6chb_M_N_F	0.2358981620718463	0.5	0.394
2ny7_H_L_G	0.2354416666666667	0.167	0.458
5vn8_I_K_E	0.2354416666666667	0.176	0.458
5wb9_H_L_G	0.22556428571428572	0.412	0.431
6udj_D_E_P	0.2201581168831169	0.529	0.291
6oz3_H_L_G	0.21830357142857143	0.441	0.397
4xmp_H_L_G	0.20965476190476198	0.308	0.46
5f9o_H_L_G	0.20247478354978357	0.333	0.434
4jan_A_B_I	0.19794017857142857	0.278	0.392
7ll2_I_J_C	0.1976565476190476	0.643	0.397
5f96_H_L_G	0.19294999999999998	0.361	0.423
7tfn_P_Q_C	0.18078968253968256	0.302	0.392
4rx4_A_D_E	0.1759482142857143	0.235	0.433
4rx4_H_L_G	0.1759482142857143	0.286	0.433
6udk_D_E_G	0.17403787878787877	0.5	0.387
6udk_M_N_R	0.17403787878787877	0.421	0.387
4ydj_A_B_I	0.1725693722943723	0.205	0.388
4ydj_H_L_G	0.1725693722943723	0.174	0.388
4ye4_H_L_G	0.16620909090909092	0.278	0.394
4r4f_H_L_A	0.16611428571428577	0.0	0.42
4rwy_H_L_A	0.16401904761904765	0.25	0.44
7kde_M_N_E	0.1553043650793651	0.0	0.382
6nfc_J_M_G	0.14807817460317463	0.0	0.279
7mxe_R_W_J	0.1468702380952381	0.0	0.341
7llk_C_D_A	0.13963571428571434	0.353	0.362
3j70_A_B_D	0.13935416666666667	0.0	0.433
7tfo_H_L_A	0.13710694444444446	0.262	0.411
1e6j_H_L_P	0.12895714285714285	0.0	0.349
6mph_1_2_6	0.12663333333333332	0.0	0.279
7lg6_H_L_A	0.1261095238095238	0.405	0.423
7ll1_H_L_A	0.1261095238095238	0.412	0.427
7ll1_J_K_G	0.1261095238095238	0.424	0.427
6opa_S_R_G	0.12370694444444444	0.324	0.364
6chb_J_K_G	0.12336944444444445	0.0	0.377
6dfg_H_L_A	0.12336944444444445	0.0	0.388
6dc3_H_L_F	0.1208945707070707	0.0	0.381
5vj6_M_N_B	0.12077103174603177	0.0	0.405
6ot1_A_C_O	0.1203452380952381	0.0	0.399
3hi1_B_A_J	0.12013333333333334	0.14	0.445
6fy1_H_L_G	0.11794880952380954	0.0	0.41
7klc_H_L_A	0.11696369047619047	0.132	0.393
6x97_E_F_C	0.11686904761904761	0.0	0.319
5a8h_L_K_G	0.11337103174603176	0.028	0.4
5a8h_R_Q_M	0.11337103174603176	0.012	0.4
5thr_P_Q_C	0.11337103174603176	0.0	0.4
6cm3_T_U_C	0.11337103174603176	0.0	0.4
5aco_G_J_C	0.11311222943722946	0.0	0.369
6p62_C_D_B	0.1125073051948052	0.344	0.318
6bf4_B_C_A	0.11158333333333333	0.0	0.426
3p30_H_L_A	0.11104480311355311	0.0	0.404
5ukr_H_L_G	0.10836061507936508	0.0	0.369
4ybl_H_L_G	0.10784642857142858	0.0	0.385
6ofi_H_L_G	0.104775	0.0	0.464
4rfo_H_L_G	0.10409523809523809	0.0	0.379
5kjr_H_L_G	0.10409523809523809	0.0	0.379
6orp_H_L_G	0.1024922619047619	0.0	0.35
6orp_J_K_I	0.1024922619047619	0.0	0.35
4yc2_B_C_A	0.10197142857142857	0.0	0.385
3mac_H_L_A	0.10145119047619047	0.0	0.413
4khx_H_L_A	0.10145119047619047	0.0	0.413
5w4l_B_C_A	0.10092380952380951	0.0	0.454
6xcj_H_L_G	0.09891550671550671	0.118	0.443
7rai_H_L_A	0.09848888888888888	0.0	0.407
6mpg_3_4_A	0.09796071428571429	0.0	0.306
3ma9_H_L_A	0.09623653846153847	0.0	0.408
6u0l_H_L_A	0.09511785714285714	0.0	0.4
6u0l_I_J_B	0.09511785714285714	0.0	0.4
6u0l_P_Q_C	0.09511785714285714	0.0	0.4
6dc5_B_C_A	0.09417857142857143	0.0	0.454
6nf2_H_L_B	0.09235357142857141	0.0	0.41
4ywg_H_L_G	0.09222777777777777	0.0	0.417
3u4e_A_B_J	0.0887779761904762	0.0	0.379
5d9q_H_L_G	0.08845714285714285	0.0	0.369
5d9q_N_M_J	0.08845714285714285	0.0	0.369
5u7m_H_L_G	0.08845714285714285	0.0	0.37
5u7o_H_L_G	0.08845714285714285	0.0	0.37
5utf_H_L_G	0.08845714285714285	0.0	0.37
6b0n_H_L_G	0.08845714285714285	0.0	0.37
6cdi_5_6_2	0.08845714285714285	0.0	0.262
6cuf_5_6_2	0.08845714285714285	0.0	0.263
6cuf_M_N_C	0.08845714285714285	0.0	0.263
6mph_M_N_C	0.08845714285714285	0.0	0.262
6n1w_5_6_C	0.08845714285714285	0.0	0.263
6n1w_m_n_2	0.08845714285714285	0.0	0.263
6nf2_E_F_G	0.08845714285714285	0.0	0.37
6osy_C_D_B	0.08845714285714285	0.0	0.37
6ot1_F_I_E	0.08845714285714285	0.0	0.37
6osy_H_L_A	0.08834166666666667	0.0	0.388
3vrl_H_L_C	0.08639427655677656	0.0	0.336
1n5y_H_L_B	0.084475	0.0	0.328
1n6q_H_L_B	0.084475	0.0	0.328
6mtj_H_L_G	0.08144880952380952	0.0	0.381
6mu6_H_L_G	0.08144880952380952	0.0	0.381
6nm6_H_L_G	0.08144880952380952	0.0	0.381
6nnj_H_L_G	0.08144880952380952	0.0	0.381
6vzi_H_L_G	0.08144880952380952	0.0	0.381
6mto_H_L_T	0.07959999999999999	0.0	0.47
5t3z_H_L_G	0.06964999999999999	0.0	0.382
6ccb_H_L_G	0.06964999999999999	0.0	0.38
6orn_F_I_K	0.06964999999999999	0.0	0.382
4r2g_D_C_O	0.06808571428571428	0.0	0.389
1gc1_H_L_G	0.051704365079365086	0.0	0.444
1yyl_H_L_G	0.051704365079365086	0.0	0.448
2i60_H_L_G	0.051704365079365086	0.0	0.448
2nxy_D_C_A	0.051704365079365086	0.0	0.448
2nxz_D_C_A	0.051704365079365086	0.0	0.448
2ny0_D_C_A	0.051704365079365086	0.0	0.448
2ny1_D_C_A	0.051704365079365086	0.0	0.448
2ny4_D_C_A	0.051704365079365086	0.0	0.448
2ny5_H_L_G	0.051704365079365086	0.0	0.448
2ny6_D_C_A	0.051704365079365086	0.0	0.448
6cm3_K_J_D	0.051704365079365086	0.0	0.448
6cm3_O_N_E	0.051704365079365086	0.0	0.448
6opp_G_I_D	0.051704365079365086	0.0	0.446
6opp_H_L_A	0.051704365079365086	0.0	0.446
6x5b_H_L_A	0.051704365079365086	0.0	0.446
7lo6_H_G_E	0.051704365079365086	0.0	0.438
7lok_K_J_A	0.051704365079365086	0.0	0.438
7lok_M_L_C	0.051704365079365086	0.0	0.438
5t3s_D_E_B	0.05100416666666667	0.0	0.384
5utf_D_E_B	0.05100416666666667	0.0	0.385
5uty_D_E_B	0.05100416666666667	0.0	0.385
6ce0_D_E_B	0.05100416666666667	0.0	0.382
6ch7_D_E_B	0.05100416666666667	0.0	0.382
6ck9_D_E_B	0.05100416666666667	0.0	0.291
6de7_D_E_B	0.05100416666666667	0.0	0.385
6ieq_D_E_B	0.05100416666666667	0.0	0.384
6mdt_D_E_B	0.05100416666666667	0.0	0.382
6mu8_D_E_B	0.05100416666666667	0.0	0.291
6mug_D_E_B	0.05100416666666667	0.0	0.291
6nnj_D_E_B	0.05100416666666667	0.0	0.291
6w03_D_E_B	0.05100416666666667	0.0	0.291
6wix_D_E_B	0.05100416666666667	0.0	0.291
