abname	sesascore	episim	absim
5d9q_H_L_G	0.8879321428571428	0.846	0.532
5d9q_N_M_J	0.8879321428571428	0.769	0.532
5u7m_H_L_G	0.8879321428571428	0.923	0.533
5u7o_H_L_G	0.8879321428571428	0.923	0.533
5utf_H_L_G	0.8879321428571428	0.692	0.533
6b0n_H_L_G	0.8879321428571428	0.667	0.533
6cdi_5_6_2	0.8879321428571428	0.846	1.0
6cuf_5_6_2	0.8879321428571428	0.786	0.992
6cuf_M_N_C	0.8879321428571428	0.714	0.992
6mph_M_N_C	0.8879321428571428	1.0	1.0
6n1w_5_6_C	0.8879321428571428	0.786	0.992
6n1w_m_n_2	0.8879321428571428	0.846	0.992
6nf2_E_F_G	0.8879321428571428	0.769	0.533
6osy_C_D_B	0.8879321428571428	0.667	0.533
6ot1_F_I_E	0.8879321428571428	0.786	0.533
6mtj_H_L_G	0.8201499999999999	0.688	0.359
6mu6_H_L_G	0.8201499999999999	0.647	0.359
6nm6_H_L_G	0.8201499999999999	0.714	0.359
6nnj_H_L_G	0.8201499999999999	0.615	0.359
6vzi_H_L_G	0.8201499999999999	0.769	0.359
4r2g_D_C_O	0.7950547619047618	0.467	0.346
5t3z_H_L_G	0.6877523809523808	0.923	0.352
6ccb_H_L_G	0.6877523809523808	0.294	0.352
6orn_F_I_K	0.6877523809523808	0.389	0.352
6chb_J_K_G	0.423945634920635	0.438	0.285
6dfg_H_L_A	0.423945634920635	0.474	0.287
3u4e_A_B_J	0.2691327380952381	0.0	0.244
1gc1_H_L_G	0.22068750000000004	0.0	0.25
1yyl_H_L_G	0.22068750000000004	0.0	0.245
2i60_H_L_G	0.22068750000000004	0.0	0.245
2nxy_D_C_A	0.22068750000000004	0.0	0.245
2nxz_D_C_A	0.22068750000000004	0.0	0.245
2ny0_D_C_A	0.22068750000000004	0.0	0.245
2ny1_D_C_A	0.22068750000000004	0.0	0.245
2ny4_D_C_A	0.22068750000000004	0.0	0.245
2ny5_H_L_G	0.22068750000000004	0.0	0.245
2ny6_D_C_A	0.22068750000000004	0.0	0.245
6cm3_K_J_D	0.22068750000000004	0.042	0.245
6cm3_O_N_E	0.22068750000000004	0.04	0.245
6opp_G_I_D	0.22068750000000004	0.036	0.249
6opp_H_L_A	0.22068750000000004	0.037	0.249
6x5b_H_L_A	0.22068750000000004	0.037	0.249
7lo6_H_G_E	0.22068750000000004	0.042	0.24
7lok_K_J_A	0.22068750000000004	0.04	0.24
7lok_M_L_C	0.22068750000000004	0.042	0.24
7llk_C_D_A	0.18647738095238095	0.0	0.256
5vj6_M_N_B	0.1682595238095238	0.0	0.24
5a8h_L_K_G	0.16699166666666668	0.0	0.235
5a8h_R_Q_M	0.16699166666666668	0.0	0.235
5thr_P_Q_C	0.16699166666666668	0.0	0.235
6cm3_T_U_C	0.16699166666666668	0.0	0.235
7ll2_I_J_C	0.15469702380952385	0.0	0.278
7kde_M_N_E	0.15388988095238096	0.278	0.284
6opa_S_R_G	0.14318690476190477	0.0	0.267
6udk_D_E_G	0.1428202380952381	0.0	0.223
6udk_M_N_R	0.1428202380952381	0.0	0.223
6dc3_H_L_F	0.14225151515151516	0.0	0.252
4rwy_H_L_A	0.14000634920634922	0.0	0.25
6udj_D_E_P	0.1327202380952381	0.0	0.19
6u0l_H_L_A	0.13080476190476192	0.0	0.258
6u0l_I_J_B	0.13080476190476192	0.038	0.258
6u0l_P_Q_C	0.13080476190476192	0.0	0.258
6xcj_H_L_G	0.1300333333333333	0.0	0.241
4ydj_A_B_I	0.12968630952380955	0.0	0.249
4ydj_H_L_G	0.12968630952380955	0.0	0.249
2ny7_H_L_G	0.12844940476190475	0.029	0.253
5vn8_I_K_E	0.12844940476190475	0.0	0.253
4r4f_H_L_A	0.12777738095238095	0.0	0.293
4xny_H_L_G	0.12669166666666667	0.0	0.241
4rx4_A_D_E	0.12001051587301588	0.0	0.247
4rx4_H_L_G	0.12001051587301588	0.0	0.247
7mxe_R_W_J	0.11855714285714286	0.0	0.268
4ye4_H_L_G	0.11808333333333333	0.0	0.236
6x97_E_F_C	0.11768839285714287	0.0	0.239
4xmp_H_L_G	0.11427321428571428	0.0	0.232
6ot1_A_C_O	0.11371369047619048	0.0	0.296
4jan_A_B_I	0.10941765873015873	0.0	0.301
4yc2_B_C_A	0.10529999999999999	0.0	0.299
6mpg_3_4_A	0.10358571428571431	0.0	0.317
4s1s_H_L_G	0.10341666666666666	0.0	0.242
6fy1_H_L_G	0.10234444444444445	0.0	0.277
4ywg_H_L_G	0.10099426406926407	0.0	0.285
6oz3_H_L_G	0.09891071428571428	0.0	0.237
5f9o_H_L_G	0.09773015873015874	0.0	0.252
3j70_A_B_D	0.09694265873015873	0.067	0.238
4j6r_H_L_G	0.09675277777777777	0.0	0.244
5f96_H_L_G	0.09597142857142857	0.0	0.242
5t3s_D_E_B	0.09390416666666666	0.0	0.241
5utf_D_E_B	0.09390416666666666	0.0	0.24
5uty_D_E_B	0.09390416666666666	0.0	0.24
6ce0_D_E_B	0.09390416666666666	0.0	0.24
6ch7_D_E_B	0.09390416666666666	0.0	0.24
6ck9_D_E_B	0.09390416666666666	0.0	0.316
6de7_D_E_B	0.09390416666666666	0.0	0.24
6ieq_D_E_B	0.09390416666666666	0.0	0.241
6mdt_D_E_B	0.09390416666666666	0.0	0.24
6mu8_D_E_B	0.09390416666666666	0.0	0.316
6mug_D_E_B	0.09390416666666666	0.0	0.316
6nnj_D_E_B	0.09390416666666666	0.0	0.289
6w03_D_E_B	0.09390416666666666	0.0	0.316
6wix_D_E_B	0.09390416666666666	0.0	0.316
4ybl_H_L_G	0.0938875	0.0	0.299
3mac_H_L_A	0.09260097402597402	0.0	0.256
4khx_H_L_A	0.09260097402597402	0.0	0.256
4cc8_F_J_D	0.09117857142857143	0.0	0.231
4cc8_H_L_E	0.09117857142857143	0.0	0.231
6cde_5_6_2	0.09117857142857143	0.0	0.234
6cdi_8_7_2	0.09117857142857143	0.0	0.262
6cuf_8_7_2	0.09117857142857143	0.0	0.292
6mpg_8_7_2	0.09117857142857143	0.0	0.262
6mph_g_i_B	0.09117857142857143	0.0	0.262
6n1v_Q_R_C	0.09117857142857143	0.0	0.291
6n1w_Q_R_c	0.09117857142857143	0.0	0.292
6nf2_C_D_G	0.09117857142857143	0.0	0.231
6osy_F_E_B	0.09117857142857143	0.0	0.231
6osy_P_O_K	0.09117857142857143	0.0	0.231
6ot1_J_K_E	0.09117857142857143	0.0	0.231
6v8z_C_F_A	0.09117857142857143	0.0	0.233
6mph_1_2_6	0.09046666666666667	0.0	0.426
1n5y_H_L_B	0.090275	0.0	0.262
1n6q_H_L_B	0.090275	0.0	0.262
5wb9_H_L_G	0.08991944444444445	0.0	0.232
4lsu_H_L_G	0.08985	0.0	0.234
1e6j_H_L_P	0.08979583333333334	0.0	0.242
5w4l_B_C_A	0.0897452380952381	0.0	0.244
6nf2_H_L_B	0.08972323232323232	0.0	0.284
6osy_H_L_A	0.08874999999999998	0.0	0.265
3ma9_H_L_A	0.08846190476190474	0.0	0.256
3hi1_B_A_J	0.08769444444444444	0.0	0.308
6bf4_B_C_A	0.08769404761904762	0.0	0.251
6p62_C_D_B	0.08649902597402596	0.0	0.24
4lsp_H_L_G	0.08583333333333334	0.0	0.232
6nfc_J_M_G	0.08419761904761905	0.0	0.355
4xnz_B_C_A	0.08401666666666666	0.0	0.242
4xnz_E_F_D	0.08401666666666666	0.0	0.242
3p30_H_L_A	0.08391944444444444	0.0	0.249
7tfn_P_Q_C	0.08330555555555556	0.0	0.294
5v8l_I_M_D	0.08173095238095236	0.0	0.238
7ly9_A_M_K	0.08173095238095236	0.0	0.238
7ly9_B_C_G	0.08173095238095236	0.0	0.238
7pc2_G_H_C	0.08173095238095236	0.0	0.238
7pc2_K_L_A	0.08173095238095236	0.0	0.238
6ofi_H_L_G	0.08112380952380953	0.0	0.247
6orp_H_L_G	0.08087777777777777	0.174	0.282
6orp_J_K_I	0.08087777777777777	0.174	0.282
7klc_H_L_A	0.0804154761904762	0.0	0.251
6mto_H_L_T	0.08017380952380952	0.0	0.25
7lg6_H_L_A	0.07944404761904762	0.0	0.241
7ll1_H_L_A	0.07944404761904762	0.0	0.242
7ll1_J_K_G	0.07944404761904762	0.0	0.242
3vrl_H_L_C	0.07868333333333334	0.0	0.242
7jks_H_L_G	0.07695	0.0	0.261
6b0n_D_E_G	0.07576190476190475	0.0	0.236
4rfo_H_L_G	0.07556249999999999	0.0	0.285
5kjr_H_L_G	0.07556249999999999	0.0	0.285
4jb9_H_L_G	0.07392499999999999	0.0	0.236
5cd5_C_D_A	0.07250297619047617	0.0	0.239
6p8n_B_D_A	0.07044642857142856	0.0	0.24
3u7y_H_L_G	0.07038333333333333	0.0	0.244
4xvt_H_L_G	0.07003333333333335	0.0	0.244
5aco_G_J_C	0.06920535714285714	0.412	0.285
3j5m_D_C_A	0.06841666666666665	0.0	0.239
6crq_D_E_A	0.06841666666666665	0.0	0.239
6crq_I_K_B	0.06841666666666665	0.0	0.239
6vo3_G_J_C	0.06841666666666665	0.0	0.239
7rsn_E_J_C	0.06841666666666665	0.0	0.238
7rso_G_J_C	0.06841666666666665	0.0	0.238
5te4_H_L_G	0.06664166666666668	0.0	0.219
5te7_H_L_G	0.06664166666666668	0.0	0.219
4jpv_H_L_G	0.06565277777777777	0.0	0.238
4lsv_H_L_G	0.06565277777777777	0.0	0.238
4ydl_H_L_G	0.0642015873015873	0.0	0.234
3ngb_B_C_A	0.06394404761904762	0.0	0.251
4lss_H_L_G	0.06394404761904762	0.0	0.251
6v8x_C_D_A	0.06394404761904762	0.0	0.252
6vlw_H_L_G	0.06394404761904762	0.0	0.252
5ukr_H_L_G	0.06327261904761905	0.0	0.295
7rai_H_L_A	0.06305833333333333	0.032	0.217
6dc5_B_C_A	0.06254166666666668	0.0	0.242
4om1_H_L_G	0.062275	0.0	0.24
7tfo_H_L_A	0.061611111111111116	0.0	0.256
4olx_H_L_G	0.058775	0.0	0.24
4olw_H_L_G	0.057775	0.0	0.24
6chb_M_N_F	0.053108333333333334	0.0	0.241
