abname	sesascore	episim	absim
4cc8_F_J_D	0.6789374999999999	0.0	0.523
4cc8_H_L_E	0.6789374999999999	0.0	0.523
6cde_5_6_2	0.6789374999999999	0.75	0.528
6cdi_8_7_2	0.6789374999999999	0.793	0.697
6cuf_8_7_2	0.6789374999999999	0.852	0.987
6mpg_8_7_2	0.6789374999999999	0.75	0.697
6mph_g_i_B	0.6789374999999999	0.767	0.697
6n1v_Q_R_C	0.6789374999999999	1.0	1.0
6n1w_Q_R_c	0.6789374999999999	0.815	0.987
6nf2_C_D_G	0.6789374999999999	0.808	0.52
6osy_F_E_B	0.6789374999999999	0.643	0.523
6osy_P_O_K	0.6789374999999999	0.72	0.523
6ot1_J_K_E	0.6789374999999999	0.846	0.523
6v8z_C_F_A	0.6789374999999999	0.655	0.526
5v8l_I_M_D	0.6291843253968256	0.552	0.265
7ly9_A_M_K	0.6291843253968256	0.333	0.265
7ly9_B_C_G	0.6291843253968256	0.324	0.265
7pc2_G_H_C	0.6291843253968256	0.481	0.265
7pc2_K_L_A	0.6291843253968256	0.519	0.265
3ngb_B_C_A	0.5808410714285713	0.351	0.291
4lss_H_L_G	0.5808410714285713	0.3	0.294
6v8x_C_D_A	0.5808410714285713	0.536	0.29
6vlw_H_L_G	0.5808410714285713	0.0	0.295
4om1_H_L_G	0.5509886904761904	0.41	0.294
4olw_H_L_G	0.5451446428571428	0.389	0.294
4olx_H_L_G	0.5443696428571428	0.4	0.297
3u7y_H_L_G	0.5354196428571429	0.283	0.279
4xvt_H_L_G	0.4752460317460318	0.343	0.289
4jpv_H_L_G	0.45980059523809524	0.353	0.265
4lsv_H_L_G	0.45980059523809524	0.371	0.265
4xnz_B_C_A	0.4363696428571428	0.341	0.404
4xnz_E_F_D	0.4363696428571428	0.412	0.404
4jb9_H_L_G	0.40597559523809523	0.35	0.374
3j5m_D_C_A	0.3596196428571428	0.452	0.29
6crq_D_E_A	0.3596196428571428	0.483	0.29
6crq_I_K_B	0.3596196428571428	0.467	0.29
6vo3_G_J_C	0.3596196428571428	0.424	0.29
7rsn_E_J_C	0.3596196428571428	0.375	0.29
7rso_G_J_C	0.3596196428571428	0.424	0.29
6p8n_B_D_A	0.34916031746031745	0.0	0.287
5te4_H_L_G	0.34706785714285704	0.316	0.254
5te7_H_L_G	0.34706785714285704	0.342	0.254
4j6r_H_L_G	0.3186801587301587	0.375	0.291
4lsu_H_L_G	0.30447976190476195	0.289	0.259
2ny7_H_L_G	0.30290595238095236	0.122	0.293
5vn8_I_K_E	0.30290595238095236	0.14	0.293
4ydl_H_L_G	0.2993686147186147	0.429	0.307
4s1s_H_L_G	0.29211448412698415	0.343	0.277
4lsp_H_L_G	0.2791138888888889	0.361	0.249
7jks_H_L_G	0.27617103174603175	0.333	0.301
6chb_M_N_F	0.27185595238095245	0.5	0.24
6b0n_D_E_G	0.26981845238095237	0.633	0.263
5wb9_H_L_G	0.2573119047619048	0.406	0.271
5f9o_H_L_G	0.24445317460317456	0.324	0.279
6udj_D_E_P	0.24004722222222225	0.441	0.196
5cd5_C_D_A	0.2338144841269841	0.424	0.274
5f96_H_L_G	0.22267083333333335	0.353	0.265
7ll2_I_J_C	0.21317876984126985	0.536	0.235
6oz3_H_L_G	0.21190297619047618	0.394	0.238
7llk_C_D_A	0.20905813492063496	0.344	0.211
4jan_A_B_I	0.19626984126984126	0.229	0.24
4rx4_A_D_E	0.18951428571428572	0.224	0.272
4rx4_H_L_G	0.18951428571428572	0.277	0.272
4xny_H_L_G	0.1890996031746032	0.372	0.28
5d9q_H_L_G	0.181049007936508	0.0	0.222
5d9q_N_M_J	0.181049007936508	0.0	0.222
5u7m_H_L_G	0.181049007936508	0.0	0.223
5u7o_H_L_G	0.181049007936508	0.0	0.223
5utf_H_L_G	0.181049007936508	0.0	0.223
6b0n_H_L_G	0.181049007936508	0.0	0.223
6cdi_5_6_2	0.181049007936508	0.0	0.291
6cuf_5_6_2	0.181049007936508	0.0	0.293
6cuf_M_N_C	0.181049007936508	0.0	0.293
6mph_M_N_C	0.181049007936508	0.0	0.291
6n1w_5_6_C	0.181049007936508	0.0	0.293
6n1w_m_n_2	0.181049007936508	0.0	0.293
6nf2_E_F_G	0.181049007936508	0.0	0.223
6osy_C_D_B	0.181049007936508	0.0	0.223
6ot1_F_I_E	0.181049007936508	0.0	0.223
6mtj_H_L_G	0.17596567460317464	0.0	0.231
6mu6_H_L_G	0.17596567460317464	0.0	0.231
6nm6_H_L_G	0.17596567460317464	0.0	0.231
6nnj_H_L_G	0.17596567460317464	0.0	0.231
6vzi_H_L_G	0.17596567460317464	0.0	0.231
6udk_D_E_G	0.17282519841269844	0.455	0.247
6udk_M_N_R	0.17282519841269844	0.457	0.247
4xmp_H_L_G	0.17123055555555555	0.3	0.287
4r4f_H_L_A	0.16853511904761906	0.0	0.253
4rwy_H_L_A	0.16691428571428574	0.239	0.271
6chb_J_K_G	0.1527714285714286	0.0	0.222
6dfg_H_L_A	0.1527714285714286	0.0	0.226
6opa_S_R_G	0.1522875	0.278	0.219
5t3z_H_L_G	0.15082103174603176	0.0	0.228
6ccb_H_L_G	0.15082103174603176	0.0	0.228
6orn_F_I_K	0.15082103174603176	0.0	0.228
7kde_M_N_E	0.14913571428571426	0.0	0.232
6dc3_H_L_F	0.14850694444444443	0.0	0.229
4ye4_H_L_G	0.14634404761904765	0.265	0.242
7tfn_P_Q_C	0.14620714285714287	0.293	0.237
7lg6_H_L_A	0.1437404761904762	0.361	0.268
7ll1_H_L_A	0.1437404761904762	0.364	0.269
7ll1_J_K_G	0.1437404761904762	0.375	0.269
7mxe_R_W_J	0.143561507936508	0.0	0.207
4ydj_A_B_I	0.143185347985348	0.19	0.241
4ydj_H_L_G	0.143185347985348	0.159	0.241
1e6j_H_L_P	0.1427404761904762	0.0	0.25
7tfo_H_L_A	0.1399345238095238	0.22	0.255
6nfc_J_M_G	0.13983571428571429	0.0	0.301
5vj6_M_N_B	0.13795948773448774	0.0	0.255
5a8h_L_K_G	0.13493448773448774	0.029	0.252
5a8h_R_Q_M	0.13493448773448774	0.025	0.252
5thr_P_Q_C	0.13493448773448774	0.0	0.252
6cm3_T_U_C	0.13493448773448774	0.0	0.252
4r2g_D_C_O	0.12551269841269838	0.0	0.231
6mph_1_2_6	0.12468988095238094	0.0	0.317
6x97_E_F_C	0.12373650793650795	0.0	0.229
6ot1_A_C_O	0.12206845238095237	0.0	0.262
7rai_H_L_A	0.12180416666666669	0.0	0.254
6xcj_H_L_G	0.11972582417582418	0.125	0.28
3u4e_A_B_J	0.1182501984126984	0.0	0.224
3j70_A_B_D	0.11533928571428571	0.0	0.273
6fy1_H_L_G	0.11448928571428571	0.0	0.25
6mpg_3_4_A	0.11369559884559886	0.0	0.356
7klc_H_L_A	0.11306845238095238	0.143	0.241
6p62_C_D_B	0.11254900793650795	0.29	0.228
3p30_H_L_A	0.11171309523809524	0.0	0.243
6bf4_B_C_A	0.10884444444444444	0.0	0.264
3vrl_H_L_C	0.10758214285714286	0.0	0.239
6u0l_H_L_A	0.10678690476190476	0.0	0.246
6u0l_I_J_B	0.10678690476190476	0.0	0.246
6u0l_P_Q_C	0.10678690476190476	0.0	0.246
6orp_H_L_G	0.10639166666666668	0.0	0.212
6orp_J_K_I	0.10639166666666668	0.0	0.212
4ybl_H_L_G	0.10600793650793652	0.0	0.229
6nf2_H_L_B	0.10520952380952382	0.0	0.255
4rfo_H_L_G	0.09908333333333336	0.0	0.225
5kjr_H_L_G	0.09908333333333336	0.0	0.225
5aco_G_J_C	0.09900753968253971	0.0	0.218
5w4l_B_C_A	0.09884761904761905	0.0	0.288
1n5y_H_L_B	0.09793928571428571	0.0	0.231
1n6q_H_L_B	0.09793928571428571	0.0	0.231
3hi1_B_A_J	0.09751071428571427	0.095	0.281
6osy_H_L_A	0.09425396825396826	0.0	0.246
3mac_H_L_A	0.09333452380952381	0.0	0.25
4khx_H_L_A	0.09333452380952381	0.0	0.25
6ofi_H_L_G	0.09199166666666667	0.0	0.292
4yc2_B_C_A	0.09130555555555558	0.0	0.229
5t3s_D_E_B	0.08872261904761905	0.0	0.229
5utf_D_E_B	0.08872261904761905	0.0	0.23
5uty_D_E_B	0.08872261904761905	0.0	0.23
6ce0_D_E_B	0.08872261904761905	0.0	0.228
6ch7_D_E_B	0.08872261904761905	0.0	0.228
6ck9_D_E_B	0.08872261904761905	0.0	0.312
6de7_D_E_B	0.08872261904761905	0.0	0.23
6ieq_D_E_B	0.08872261904761905	0.0	0.229
6mdt_D_E_B	0.08872261904761905	0.0	0.228
6mu8_D_E_B	0.08872261904761905	0.0	0.312
6mug_D_E_B	0.08872261904761905	0.0	0.312
6nnj_D_E_B	0.08872261904761905	0.0	0.295
6w03_D_E_B	0.08872261904761905	0.0	0.312
6wix_D_E_B	0.08872261904761905	0.0	0.312
4ywg_H_L_G	0.08724126984126984	0.0	0.258
3ma9_H_L_A	0.08615833333333335	0.0	0.246
6mto_H_L_T	0.08539464285714285	0.0	0.288
5ukr_H_L_G	0.0779202380952381	0.0	0.233
6dc5_B_C_A	0.06898928571428571	0.0	0.284
1gc1_H_L_G	0.04160833333333334	0.0	0.284
1yyl_H_L_G	0.04160833333333334	0.0	0.284
2i60_H_L_G	0.04160833333333334	0.0	0.284
2nxy_D_C_A	0.04160833333333334	0.0	0.284
2nxz_D_C_A	0.04160833333333334	0.0	0.284
2ny0_D_C_A	0.04160833333333334	0.0	0.284
2ny1_D_C_A	0.04160833333333334	0.0	0.284
2ny4_D_C_A	0.04160833333333334	0.0	0.284
2ny5_H_L_G	0.04160833333333334	0.0	0.284
2ny6_D_C_A	0.04160833333333334	0.0	0.284
6cm3_K_J_D	0.04160833333333334	0.0	0.284
6cm3_O_N_E	0.04160833333333334	0.0	0.284
6opp_G_I_D	0.04160833333333334	0.0	0.281
6opp_H_L_A	0.04160833333333334	0.0	0.281
6x5b_H_L_A	0.04160833333333334	0.0	0.281
7lo6_H_G_E	0.04160833333333334	0.0	0.279
7lok_K_J_A	0.04160833333333334	0.0	0.279
7lok_M_L_C	0.04160833333333334	0.0	0.279
