abname	sesascore	episim	absim
4cc8_F_J_D	0.8632833333333332	0.0	0.52
4cc8_H_L_E	0.8632833333333332	0.0	0.52
6cde_5_6_2	0.8632833333333332	0.857	0.529
6cdi_8_7_2	0.8632833333333332	0.897	0.699
6cuf_8_7_2	0.8632833333333332	0.893	1.0
6mpg_8_7_2	0.8632833333333332	0.926	0.699
6mph_g_i_B	0.8632833333333332	0.867	0.699
6n1v_Q_R_C	0.8632833333333332	0.815	0.987
6n1w_Q_R_c	0.8632833333333332	1.0	1.0
6nf2_C_D_G	0.8632833333333332	0.923	0.518
6osy_F_E_B	0.8632833333333332	0.633	0.52
6osy_P_O_K	0.8632833333333332	0.643	0.52
6ot1_J_K_E	0.8632833333333332	0.759	0.52
6v8z_C_F_A	0.8632833333333332	0.7	0.524
3ngb_B_C_A	0.7413428571428571	0.432	0.292
4lss_H_L_G	0.7413428571428571	0.375	0.294
6v8x_C_D_A	0.7413428571428571	0.586	0.29
6vlw_H_L_G	0.7413428571428571	0.0	0.295
3u7y_H_L_G	0.6103749999999998	0.348	0.279
4om1_H_L_G	0.5965178571428571	0.487	0.295
4olx_H_L_G	0.5912380952380951	0.486	0.297
4olw_H_L_G	0.5889583333333333	0.472	0.295
4xvt_H_L_G	0.5440089285714287	0.389	0.29
4xnz_B_C_A	0.5302873015873015	0.415	0.405
4xnz_E_F_D	0.5302873015873015	0.5	0.405
5v8l_I_M_D	0.510029365079365	0.655	0.268
7ly9_A_M_K	0.510029365079365	0.378	0.268
7ly9_B_C_G	0.510029365079365	0.333	0.268
7pc2_G_H_C	0.510029365079365	0.593	0.268
7pc2_K_L_A	0.510029365079365	0.63	0.268
4jb9_H_L_G	0.4858789682539682	0.425	0.378
5te4_H_L_G	0.4515194444444445	0.325	0.255
5te7_H_L_G	0.4515194444444445	0.385	0.255
3j5m_D_C_A	0.4430095238095238	0.548	0.291
6crq_D_E_A	0.4430095238095238	0.586	0.291
6crq_I_K_B	0.4430095238095238	0.567	0.291
6vo3_G_J_C	0.4430095238095238	0.471	0.291
7rsn_E_J_C	0.4430095238095238	0.343	0.29
7rso_G_J_C	0.4430095238095238	0.429	0.29
4jpv_H_L_G	0.4251142857142858	0.4	0.268
4lsv_H_L_G	0.4251142857142858	0.417	0.268
4ydl_H_L_G	0.41612079725829726	0.514	0.308
6p8n_B_D_A	0.38918690476190476	0.0	0.29
4j6r_H_L_G	0.378143253968254	0.415	0.292
4lsp_H_L_G	0.3691521825396827	0.444	0.252
4lsu_H_L_G	0.335746158008658	0.356	0.261
7jks_H_L_G	0.3280472222222222	0.342	0.302
4s1s_H_L_G	0.3254095238095238	0.429	0.277
6b0n_D_E_G	0.3013267857142857	0.677	0.266
5wb9_H_L_G	0.2820892857142857	0.455	0.274
6chb_M_N_F	0.28003611111111115	0.545	0.243
2ny7_H_L_G	0.27788214285714286	0.167	0.293
5vn8_I_K_E	0.27788214285714286	0.154	0.293
5cd5_C_D_A	0.27624523809523804	0.471	0.274
6oz3_H_L_G	0.2538607142857143	0.441	0.239
5f9o_H_L_G	0.2318738095238095	0.371	0.282
6udj_D_E_P	0.2283369047619048	0.529	0.196
5f96_H_L_G	0.22332023809523813	0.4	0.265
7llk_C_D_A	0.21161991341991349	0.394	0.213
4r4f_H_L_A	0.19576011904761906	0.0	0.256
7ll2_I_J_C	0.18762202380952384	0.643	0.238
4xny_H_L_G	0.1828375	0.409	0.283
4rx4_A_D_E	0.18009583333333334	0.235	0.273
4rx4_H_L_G	0.18009583333333334	0.286	0.273
6udk_D_E_G	0.17725773809523812	0.545	0.247
6udk_M_N_R	0.17725773809523812	0.459	0.247
4rwy_H_L_A	0.1640388888888889	0.25	0.271
7tfn_P_Q_C	0.16188095238095235	0.302	0.24
4jan_A_B_I	0.15887261904761904	0.278	0.241
4xmp_H_L_G	0.15650000000000003	0.333	0.29
7lg6_H_L_A	0.15552380952380954	0.444	0.271
7ll1_H_L_A	0.15552380952380954	0.455	0.272
7ll1_J_K_G	0.15552380952380954	0.469	0.272
4ye4_H_L_G	0.15362478354978357	0.314	0.245
6nfc_J_M_G	0.15131547619047617	0.0	0.302
7tfo_H_L_A	0.14433988095238093	0.233	0.257
1e6j_H_L_P	0.14237321428571428	0.0	0.25
6ot1_A_C_O	0.1326857142857143	0.0	0.264
4ydj_A_B_I	0.13174675324675325	0.233	0.244
4ydj_H_L_G	0.13174675324675325	0.2	0.244
6dc3_H_L_F	0.13121130952380952	0.0	0.231
6opa_S_R_G	0.1292938492063492	0.361	0.219
7mxe_R_W_J	0.12895416666666665	0.0	0.205
6mph_1_2_6	0.12482023809523808	0.0	0.322
6fy1_H_L_G	0.12476071428571428	0.0	0.251
3j70_A_B_D	0.12203333333333333	0.0	0.276
6chb_J_K_G	0.12059166666666668	0.0	0.225
6dfg_H_L_A	0.12059166666666668	0.0	0.229
7kde_M_N_E	0.11509166666666665	0.0	0.235
5a8h_L_K_G	0.11230476190476192	0.028	0.255
5a8h_R_Q_M	0.11230476190476192	0.024	0.255
5thr_P_Q_C	0.11230476190476192	0.0	0.255
6cm3_T_U_C	0.11230476190476192	0.0	0.255
5vj6_M_N_B	0.11122976190476193	0.0	0.258
3p30_H_L_A	0.10846428571428571	0.0	0.246
4ybl_H_L_G	0.10670879120879122	0.0	0.232
6p62_C_D_B	0.10461111111111111	0.344	0.228
5d9q_H_L_G	0.10458353174603174	0.0	0.225
5d9q_N_M_J	0.10458353174603174	0.0	0.225
5u7m_H_L_G	0.10458353174603174	0.0	0.226
5u7o_H_L_G	0.10458353174603174	0.0	0.226
5utf_H_L_G	0.10458353174603174	0.0	0.226
6b0n_H_L_G	0.10458353174603174	0.0	0.226
6cdi_5_6_2	0.10458353174603174	0.0	0.292
6cuf_5_6_2	0.10458353174603174	0.0	0.294
6cuf_M_N_C	0.10458353174603174	0.0	0.294
6mph_M_N_C	0.10458353174603174	0.0	0.292
6n1w_5_6_C	0.10458353174603174	0.0	0.294
6n1w_m_n_2	0.10458353174603174	0.0	0.294
6nf2_E_F_G	0.10458353174603174	0.0	0.226
6osy_C_D_B	0.10458353174603174	0.0	0.226
6ot1_F_I_E	0.10458353174603174	0.0	0.226
3u4e_A_B_J	0.10413472222222223	0.0	0.226
7klc_H_L_A	0.10361666666666668	0.132	0.244
6bf4_B_C_A	0.1025527777777778	0.0	0.267
6osy_H_L_A	0.10189365079365077	0.0	0.249
5ukr_H_L_G	0.10117380952380954	0.0	0.234
6x97_E_F_C	0.10100634920634921	0.0	0.232
7rai_H_L_A	0.10079166666666667	0.0	0.257
4yc2_B_C_A	0.10067307692307693	0.0	0.232
6orp_H_L_G	0.09984523809523807	0.0	0.212
6orp_J_K_I	0.09984523809523807	0.0	0.212
6xcj_H_L_G	0.09937976190476192	0.14	0.283
6mtj_H_L_G	0.0924156746031746	0.0	0.232
6mu6_H_L_G	0.0924156746031746	0.0	0.232
6nm6_H_L_G	0.0924156746031746	0.0	0.232
6nnj_H_L_G	0.0924156746031746	0.0	0.232
6vzi_H_L_G	0.0924156746031746	0.0	0.232
5w4l_B_C_A	0.09091130952380952	0.0	0.288
6ofi_H_L_G	0.08954166666666666	0.0	0.295
3mac_H_L_A	0.08933730158730158	0.0	0.253
4khx_H_L_A	0.08933730158730158	0.0	0.253
6u0l_H_L_A	0.08804292929292928	0.0	0.249
6u0l_I_J_B	0.08804292929292928	0.0	0.249
6u0l_P_Q_C	0.08804292929292928	0.0	0.249
3vrl_H_L_C	0.08734047619047619	0.0	0.237
6nf2_H_L_B	0.08718333333333333	0.0	0.258
3hi1_B_A_J	0.08691190476190475	0.14	0.281
4rfo_H_L_G	0.08540277777777777	0.0	0.227
5kjr_H_L_G	0.08540277777777777	0.0	0.227
4ywg_H_L_G	0.08537559523809525	0.0	0.261
5t3z_H_L_G	0.08119484126984126	0.0	0.231
6ccb_H_L_G	0.08119484126984126	0.0	0.231
6orn_F_I_K	0.08119484126984126	0.0	0.231
6mpg_3_4_A	0.08046287878787878	0.0	0.357
1n5y_H_L_B	0.07705	0.0	0.229
1n6q_H_L_B	0.07705	0.0	0.229
3ma9_H_L_A	0.07676666666666666	0.0	0.249
6dc5_B_C_A	0.0723625	0.0	0.284
4r2g_D_C_O	0.0695126984126984	0.0	0.234
5aco_G_J_C	0.06631190476190477	0.0	0.221
6mto_H_L_T	0.06565714285714286	0.0	0.291
5t3s_D_E_B	0.06131666666666667	0.0	0.229
5utf_D_E_B	0.06131666666666667	0.0	0.23
5uty_D_E_B	0.06131666666666667	0.0	0.23
6ce0_D_E_B	0.06131666666666667	0.0	0.228
6ch7_D_E_B	0.06131666666666667	0.0	0.228
6ck9_D_E_B	0.06131666666666667	0.0	0.313
6de7_D_E_B	0.06131666666666667	0.0	0.23
6ieq_D_E_B	0.06131666666666667	0.0	0.229
6mdt_D_E_B	0.06131666666666667	0.0	0.228
6mu8_D_E_B	0.06131666666666667	0.0	0.313
6mug_D_E_B	0.06131666666666667	0.0	0.313
6nnj_D_E_B	0.06131666666666667	0.0	0.295
6w03_D_E_B	0.06131666666666667	0.0	0.313
6wix_D_E_B	0.06131666666666667	0.0	0.313
1gc1_H_L_G	0.0544125	0.0	0.285
1yyl_H_L_G	0.0544125	0.0	0.287
2i60_H_L_G	0.0544125	0.0	0.287
2nxy_D_C_A	0.0544125	0.0	0.287
2nxz_D_C_A	0.0544125	0.0	0.287
2ny0_D_C_A	0.0544125	0.0	0.287
2ny1_D_C_A	0.0544125	0.0	0.287
2ny4_D_C_A	0.0544125	0.0	0.287
2ny5_H_L_G	0.0544125	0.0	0.287
2ny6_D_C_A	0.0544125	0.0	0.287
6cm3_K_J_D	0.0544125	0.0	0.287
6cm3_O_N_E	0.0544125	0.0	0.287
6opp_G_I_D	0.0544125	0.0	0.284
6opp_H_L_A	0.0544125	0.0	0.284
6x5b_H_L_A	0.0544125	0.0	0.284
7lo6_H_G_E	0.0544125	0.0	0.281
7lok_K_J_A	0.0544125	0.0	0.281
7lok_M_L_C	0.0544125	0.0	0.281
