abname	sesascore	episim	absim
5t3z_H_L_G	0.593388888888889	0.412	1.0
6ccb_H_L_G	0.593388888888889	0.167	0.991
6orn_F_I_K	0.593388888888889	1.0	1.0
6mtj_H_L_G	0.43051388888888886	0.3	0.879
6mu6_H_L_G	0.43051388888888886	0.286	0.879
6nm6_H_L_G	0.43051388888888886	0.353	0.879
6nnj_H_L_G	0.43051388888888886	0.333	0.879
6vzi_H_L_G	0.43051388888888886	0.375	0.879
4r2g_D_C_O	0.38388095238095243	0.312	0.903
5vj6_M_N_B	0.2933400432900432	0.0	0.433
5a8h_L_K_G	0.2790602813852814	0.0	0.43
5a8h_R_Q_M	0.2790602813852814	0.0	0.43
5thr_P_Q_C	0.2790602813852814	0.0	0.43
6cm3_T_U_C	0.2790602813852814	0.0	0.43
6dc5_B_C_A	0.21468988095238092	0.0	0.441
3u4e_A_B_J	0.21329166666666666	0.0	0.59
5d9q_H_L_G	0.18460357142857145	0.353	0.724
5d9q_N_M_J	0.18460357142857145	0.294	0.724
5u7m_H_L_G	0.18460357142857145	0.412	0.721
5u7o_H_L_G	0.18460357142857145	0.412	0.721
5utf_H_L_G	0.18460357142857145	0.4	0.721
6b0n_H_L_G	0.18460357142857145	0.333	0.721
6cdi_5_6_2	0.18460357142857145	0.438	0.352
6cuf_5_6_2	0.18460357142857145	0.412	0.348
6cuf_M_N_C	0.18460357142857145	0.438	0.348
6mph_M_N_C	0.18460357142857145	0.389	0.352
6n1w_5_6_C	0.18460357142857145	0.412	0.348
6n1w_m_n_2	0.18460357142857145	0.438	0.348
6nf2_E_F_G	0.18460357142857145	0.375	0.721
6osy_C_D_B	0.18460357142857145	0.333	0.721
6ot1_F_I_E	0.18460357142857145	0.412	0.721
5v8l_I_M_D	0.16618192640692642	0.0	0.433
7ly9_A_M_K	0.16618192640692642	0.0	0.433
7ly9_B_C_G	0.16618192640692642	0.0	0.433
7pc2_G_H_C	0.16618192640692642	0.0	0.433
7pc2_K_L_A	0.16618192640692642	0.0	0.433
6udk_D_E_G	0.15869285714285716	0.0	0.409
6udk_M_N_R	0.15869285714285716	0.0	0.409
6chb_J_K_G	0.15480119047619048	0.294	0.645
6dfg_H_L_A	0.15480119047619048	0.227	0.656
7lg6_H_L_A	0.15285555555555555	0.0	0.438
7ll1_H_L_A	0.15285555555555555	0.0	0.432
7ll1_J_K_G	0.15285555555555555	0.0	0.432
6udj_D_E_P	0.14889583333333334	0.0	0.325
7kde_M_N_E	0.14763708513708512	0.222	0.635
7llk_C_D_A	0.14691726190476193	0.0	0.599
4yc2_B_C_A	0.13750833333333332	0.0	0.647
6ot1_A_C_O	0.13733928571428572	0.0	0.477
4rwy_H_L_A	0.13461706349206348	0.0	0.441
4ybl_H_L_G	0.13079999999999997	0.0	0.647
5f9o_H_L_G	0.1303416666666667	0.0	0.445
7klc_H_L_A	0.1299009199134199	0.0	0.443
6orp_H_L_G	0.12983849206349207	0.182	0.625
6orp_J_K_I	0.12983849206349207	0.182	0.625
3hi1_B_A_J	0.12896666666666667	0.0	0.512
6dc3_H_L_F	0.1285327380952381	0.0	0.615
4rx4_A_D_E	0.12797539682539683	0.0	0.437
4rx4_H_L_G	0.12797539682539683	0.0	0.437
5f96_H_L_G	0.12632023809523812	0.0	0.433
6nfc_J_M_G	0.1259241341991342	0.0	0.294
1n5y_H_L_B	0.12549294871794872	0.0	0.377
1n6q_H_L_B	0.12549294871794872	0.0	0.377
5ukr_H_L_G	0.12495277777777777	0.0	0.636
6fy1_H_L_G	0.12203333333333333	0.0	0.63
6x97_E_F_C	0.12189166666666666	0.0	0.36
1e6j_H_L_P	0.12174107142857142	0.0	0.347
7mxe_R_W_J	0.11819107142857144	0.0	0.578
6xcj_H_L_G	0.1178631868131868	0.0	0.453
4xmp_H_L_G	0.11612261904761904	0.0	0.421
4ywg_H_L_G	0.115625	0.0	0.5
4xny_H_L_G	0.11541666666666665	0.0	0.421
4rfo_H_L_G	0.11487916666666668	0.0	0.655
5kjr_H_L_G	0.11487916666666668	0.0	0.655
6opa_S_R_G	0.11395000000000001	0.0	0.575
1gc1_H_L_G	0.11353571428571428	0.0	0.44
1yyl_H_L_G	0.11353571428571428	0.0	0.444
2i60_H_L_G	0.11353571428571428	0.0	0.444
2nxy_D_C_A	0.11353571428571428	0.0	0.444
2nxz_D_C_A	0.11353571428571428	0.0	0.444
2ny0_D_C_A	0.11353571428571428	0.0	0.444
2ny1_D_C_A	0.11353571428571428	0.0	0.444
2ny4_D_C_A	0.11353571428571428	0.0	0.444
2ny5_H_L_G	0.11353571428571428	0.0	0.444
2ny6_D_C_A	0.11353571428571428	0.0	0.444
6cm3_K_J_D	0.11353571428571428	0.043	0.444
6cm3_O_N_E	0.11353571428571428	0.042	0.444
6opp_G_I_D	0.11353571428571428	0.037	0.441
6opp_H_L_A	0.11353571428571428	0.038	0.441
6x5b_H_L_A	0.11353571428571428	0.038	0.441
7lo6_H_G_E	0.11353571428571428	0.043	0.446
7lok_K_J_A	0.11353571428571428	0.042	0.446
7lok_M_L_C	0.11353571428571428	0.043	0.446
6oz3_H_L_G	0.11282202380952379	0.0	0.573
4ydj_A_B_I	0.11151282467532467	0.0	0.561
4ydj_H_L_G	0.11151282467532467	0.0	0.561
6bf4_B_C_A	0.11138333333333332	0.0	0.456
4jpv_H_L_G	0.1094944264069264	0.0	0.433
4lsv_H_L_G	0.1094944264069264	0.0	0.433
6u0l_H_L_A	0.10868928571428571	0.0	0.59
6u0l_I_J_B	0.10868928571428571	0.04	0.59
6u0l_P_Q_C	0.10868928571428571	0.0	0.59
4j6r_H_L_G	0.10851249999999998	0.0	0.434
5w4l_B_C_A	0.10841607142857142	0.0	0.455
6mph_1_2_6	0.10738511904761905	0.0	0.297
3j70_A_B_D	0.10731973443223441	0.069	0.433
4lsu_H_L_G	0.10664318181818183	0.0	0.563
6p62_C_D_B	0.10653928571428571	0.0	0.37
6mpg_3_4_A	0.10551318681318682	0.0	0.261
3p30_H_L_A	0.10485	0.0	0.577
7ll2_I_J_C	0.10417857142857143	0.0	0.495
3mac_H_L_A	0.10375595238095237	0.0	0.591
4khx_H_L_A	0.10375595238095237	0.0	0.591
4r4f_H_L_A	0.10363154761904762	0.0	0.472
4s1s_H_L_G	0.10355297619047618	0.0	0.435
6nf2_H_L_B	0.10313928571428571	0.0	0.488
4ye4_H_L_G	0.10296031746031746	0.0	0.421
5t3s_D_E_B	0.10125405982905981	0.0	0.542
5utf_D_E_B	0.10125405982905981	0.0	0.541
5uty_D_E_B	0.10125405982905981	0.0	0.541
6ce0_D_E_B	0.10125405982905981	0.0	0.539
6ch7_D_E_B	0.10125405982905981	0.0	0.539
6ck9_D_E_B	0.10125405982905981	0.0	0.248
6de7_D_E_B	0.10125405982905981	0.0	0.541
6ieq_D_E_B	0.10125405982905981	0.0	0.542
6mdt_D_E_B	0.10125405982905981	0.0	0.539
6mu8_D_E_B	0.10125405982905981	0.0	0.248
6mug_D_E_B	0.10125405982905981	0.0	0.248
6nnj_D_E_B	0.10125405982905981	0.0	0.242
6w03_D_E_B	0.10125405982905981	0.0	0.248
6wix_D_E_B	0.10125405982905981	0.0	0.248
6osy_H_L_A	0.10115487012987014	0.0	0.456
6ofi_H_L_G	0.09980714285714284	0.0	0.445
7tfo_H_L_A	0.09906190476190478	0.0	0.62
7jks_H_L_G	0.0952890873015873	0.0	0.373
3ma9_H_L_A	0.09505476190476192	0.0	0.591
6b0n_D_E_G	0.09502380952380951	0.0	0.562
2ny7_H_L_G	0.09194047619047618	0.029	0.451
5vn8_I_K_E	0.09194047619047618	0.0	0.451
5cd5_C_D_A	0.09191607142857143	0.0	0.423
3ngb_B_C_A	0.09188571428571429	0.0	0.441
4lss_H_L_G	0.09188571428571429	0.0	0.443
6v8x_C_D_A	0.09188571428571429	0.0	0.442
6vlw_H_L_G	0.09188571428571429	0.0	0.45
4ydl_H_L_G	0.08909404761904761	0.0	0.448
4cc8_F_J_D	0.08891190476190475	0.0	0.426
4cc8_H_L_E	0.08891190476190475	0.0	0.426
6cde_5_6_2	0.08891190476190475	0.0	0.417
6cdi_8_7_2	0.08891190476190475	0.0	0.382
6cuf_8_7_2	0.08891190476190475	0.0	0.231
6mpg_8_7_2	0.08891190476190475	0.0	0.382
6mph_g_i_B	0.08891190476190475	0.0	0.382
6n1v_Q_R_C	0.08891190476190475	0.0	0.228
6n1w_Q_R_c	0.08891190476190475	0.0	0.231
6nf2_C_D_G	0.08891190476190475	0.0	0.429
6osy_F_E_B	0.08891190476190475	0.0	0.428
6osy_P_O_K	0.08891190476190475	0.0	0.428
6ot1_J_K_E	0.08891190476190475	0.0	0.428
6v8z_C_F_A	0.08891190476190475	0.0	0.421
4jan_A_B_I	0.08865833333333334	0.0	0.64
6mto_H_L_T	0.08747142857142856	0.0	0.45
3vrl_H_L_C	0.08617857142857142	0.0	0.373
6p8n_B_D_A	0.08610992063492062	0.0	0.447
7tfn_P_Q_C	0.08544047619047619	0.0	0.653
5te4_H_L_G	0.08090315656565654	0.0	0.419
5te7_H_L_G	0.08090315656565654	0.0	0.419
5wb9_H_L_G	0.08065633116883117	0.0	0.433
7rai_H_L_A	0.07876944444444445	0.033	0.414
4jb9_H_L_G	0.0772214285714286	0.0	0.422
3j5m_D_C_A	0.07483214285714286	0.0	0.43
6crq_D_E_A	0.07483214285714286	0.0	0.43
6crq_I_K_B	0.07483214285714286	0.0	0.43
6vo3_G_J_C	0.07483214285714286	0.0	0.43
7rsn_E_J_C	0.07483214285714286	0.0	0.432
7rso_G_J_C	0.07483214285714286	0.0	0.432
4xnz_B_C_A	0.072603663003663	0.0	0.416
4xnz_E_F_D	0.072603663003663	0.0	0.416
4xvt_H_L_G	0.07220714285714286	0.0	0.435
4lsp_H_L_G	0.06767083333333333	0.0	0.428
3u7y_H_L_G	0.06551666666666668	0.0	0.437
4olw_H_L_G	0.062021428571428575	0.0	0.44
4om1_H_L_G	0.06192142857142857	0.0	0.44
4olx_H_L_G	0.060196428571428574	0.0	0.44
5aco_G_J_C	0.05535416666666667	0.353	0.625
6chb_M_N_F	0.05353333333333333	0.0	0.606
