abname	sesascore	episim	absim
3ngb_B_C_A	0.6003422619047618	0.316	0.662
4lss_H_L_G	0.6003422619047618	0.3	0.665
6v8x_C_D_A	0.6003422619047618	0.536	0.658
6vlw_H_L_G	0.6003422619047618	0.0	0.665
4cc8_F_J_D	0.535110119047619	0.0	0.995
4cc8_H_L_E	0.535110119047619	0.0	0.995
6cde_5_6_2	0.535110119047619	0.633	0.984
6cdi_8_7_2	0.535110119047619	0.576	0.744
6cuf_8_7_2	0.535110119047619	0.613	0.52
6mpg_8_7_2	0.535110119047619	0.581	0.744
6mph_g_i_B	0.535110119047619	0.559	0.744
6n1v_Q_R_C	0.535110119047619	0.643	0.523
6n1w_Q_R_c	0.535110119047619	0.633	0.52
6nf2_C_D_G	0.535110119047619	0.621	0.995
6osy_F_E_B	0.535110119047619	1.0	1.0
6osy_P_O_K	0.535110119047619	0.87	1.0
6ot1_J_K_E	0.535110119047619	0.6	1.0
6v8z_C_F_A	0.535110119047619	0.548	0.989
4om1_H_L_G	0.5289089285714286	0.341	0.67
5v8l_I_M_D	0.5231741341991342	0.552	0.625
7ly9_A_M_K	0.5231741341991342	0.297	0.625
7ly9_B_C_G	0.5231741341991342	0.289	0.625
7pc2_G_H_C	0.5231741341991342	0.481	0.625
7pc2_K_L_A	0.5231741341991342	0.519	0.625
4olx_H_L_G	0.5230922619047619	0.324	0.673
4olw_H_L_G	0.5209089285714286	0.351	0.667
3u7y_H_L_G	0.5020553571428571	0.255	0.641
4xvt_H_L_G	0.46654523809523807	0.343	0.651
5te4_H_L_G	0.40740882173382165	0.351	0.615
5te7_H_L_G	0.40740882173382165	0.457	0.615
4xnz_B_C_A	0.39446071428571416	0.341	0.821
4xnz_E_F_D	0.39446071428571416	0.371	0.821
4jpv_H_L_G	0.39441845238095236	0.353	0.625
4lsv_H_L_G	0.39441845238095236	0.333	0.625
3j5m_D_C_A	0.38121369047619047	0.552	0.66
6crq_D_E_A	0.38121369047619047	0.536	0.66
6crq_I_K_B	0.38121369047619047	0.517	0.66
6vo3_G_J_C	0.38121369047619047	0.424	0.66
7rsn_E_J_C	0.38121369047619047	0.375	0.658
7rso_G_J_C	0.38121369047619047	0.382	0.658
4jb9_H_L_G	0.3613017857142856	0.35	0.773
6p8n_B_D_A	0.338364880952381	0.0	0.649
4lsu_H_L_G	0.3157226190476191	0.289	0.47
4j6r_H_L_G	0.3146351190476191	0.375	0.656
7jks_H_L_G	0.2999351190476191	0.333	0.495
4s1s_H_L_G	0.27825952380952385	0.343	0.642
6b0n_D_E_G	0.2721255952380952	0.531	0.471
4ydl_H_L_G	0.26384123376623375	0.389	0.671
6chb_M_N_F	0.24972619047619046	0.5	0.439
5cd5_C_D_A	0.24112440476190478	0.343	0.627
5wb9_H_L_G	0.24094285714285715	0.406	0.621
4lsp_H_L_G	0.23150317460317468	0.324	0.6
4xny_H_L_G	0.21215853174603175	0.311	0.647
6oz3_H_L_G	0.20967785087719296	0.394	0.441
5f9o_H_L_G	0.19958630952380954	0.286	0.616
6udj_D_E_P	0.19141071428571427	0.581	0.417
5f96_H_L_G	0.1853511904761905	0.353	0.609
4xmp_H_L_G	0.1842656746031746	0.275	0.651
4jan_A_B_I	0.16067440476190475	0.265	0.435
7kde_M_N_E	0.15887420634920638	0.0	0.423
4rx4_A_D_E	0.15795456349206352	0.224	0.616
4rx4_H_L_G	0.15795456349206352	0.277	0.616
4rwy_H_L_A	0.15717956349206352	0.239	0.627
4r4f_H_L_A	0.1543416666666667	0.0	0.593
1e6j_H_L_P	0.15405833333333332	0.0	0.43
4ydj_A_B_I	0.1502736111111111	0.22	0.429
4ydj_H_L_G	0.1502736111111111	0.186	0.429
7tfo_H_L_A	0.149425	0.282	0.455
2ny7_H_L_G	0.146925	0.243	0.643
5vn8_I_K_E	0.146925	0.14	0.643
7lg6_H_L_A	0.14628333333333332	0.485	0.607
7ll1_H_L_A	0.14628333333333332	0.406	0.609
7ll1_J_K_G	0.14628333333333332	0.419	0.609
7llk_C_D_A	0.14127380952380952	0.387	0.409
6udk_D_E_G	0.13921428571428573	0.548	0.556
6udk_M_N_R	0.13921428571428573	0.545	0.556
6nfc_J_M_G	0.13878333333333334	0.0	0.257
7ll2_I_J_C	0.1379218253968254	0.593	0.579
5vj6_M_N_B	0.13741865079365082	0.0	0.581
3j70_A_B_D	0.1267261904761905	0.0	0.612
5a8h_L_K_G	0.12560734126984127	0.0	0.578
5a8h_R_Q_M	0.12560734126984127	0.012	0.578
5thr_P_Q_C	0.12560734126984127	0.0	0.578
6cm3_T_U_C	0.12560734126984127	0.0	0.578
6opa_S_R_G	0.12150654761904764	0.438	0.405
6fy1_H_L_G	0.12065297619047621	0.0	0.454
7klc_H_L_A	0.11926369047619047	0.111	0.577
4ye4_H_L_G	0.11831190476190477	0.265	0.561
3u4e_A_B_J	0.11763804112554113	0.0	0.427
7tfn_P_Q_C	0.11748968253968257	0.395	0.43
3hi1_B_A_J	0.11724226190476189	0.179	0.63
7mxe_R_W_J	0.11426755952380954	0.0	0.381
6mph_1_2_6	0.11422916666666667	0.0	0.244
6x97_E_F_C	0.11344320728291317	0.0	0.373
6bf4_B_C_A	0.11300277777777779	0.0	0.615
6ot1_A_C_O	0.1110390873015873	0.0	0.531
6dc3_H_L_F	0.10842916666666667	0.0	0.428
4ybl_H_L_G	0.10796666666666667	0.0	0.42
6orp_H_L_G	0.10744007936507935	0.0	0.398
6orp_J_K_I	0.10744007936507935	0.0	0.398
4yc2_B_C_A	0.10662738095238096	0.0	0.42
5aco_G_J_C	0.10575039682539683	0.0	0.416
4ywg_H_L_G	0.1045625	0.0	0.596
6p62_C_D_B	0.1039736111111111	0.333	0.376
6xcj_H_L_G	0.10337738095238094	0.08	0.632
3p30_H_L_A	0.10149880952380953	0.0	0.442
4rfo_H_L_G	0.10090694444444445	0.0	0.425
5kjr_H_L_G	0.10090694444444445	0.0	0.425
6ofi_H_L_G	0.09977460317460315	0.0	0.648
7rai_H_L_A	0.096625	0.0	0.584
6u0l_H_L_A	0.09638809523809526	0.0	0.438
6u0l_I_J_B	0.09638809523809526	0.0	0.438
6u0l_P_Q_C	0.09638809523809526	0.0	0.438
6mpg_3_4_A	0.09619642857142857	0.0	0.258
5ukr_H_L_G	0.09600773809523809	0.0	0.416
3mac_H_L_A	0.09556190476190476	0.0	0.449
4khx_H_L_A	0.09556190476190476	0.0	0.449
6nf2_H_L_B	0.09366031746031746	0.0	0.598
5w4l_B_C_A	0.09056071428571427	0.0	0.639
5t3z_H_L_G	0.08694761904761905	0.0	0.428
6ccb_H_L_G	0.08694761904761905	0.0	0.426
6orn_F_I_K	0.08694761904761905	0.0	0.428
6mto_H_L_T	0.07883333333333332	0.0	0.655
3ma9_H_L_A	0.07843690476190478	0.0	0.445
6osy_H_L_A	0.07811954365079364	0.0	0.521
6chb_J_K_G	0.07618030303030304	0.0	0.425
6dfg_H_L_A	0.07618030303030304	0.0	0.434
3vrl_H_L_C	0.07568571428571429	0.0	0.424
6dc5_B_C_A	0.0754	0.0	0.645
6mtj_H_L_G	0.06092857142857142	0.0	0.427
6mu6_H_L_G	0.06092857142857142	0.0	0.427
6nm6_H_L_G	0.06092857142857142	0.0	0.427
6nnj_H_L_G	0.06092857142857142	0.0	0.427
6vzi_H_L_G	0.06092857142857142	0.0	0.427
1n5y_H_L_B	0.059425	0.0	0.412
1n6q_H_L_B	0.059425	0.0	0.412
5t3s_D_E_B	0.05849027777777778	0.0	0.421
5utf_D_E_B	0.05849027777777778	0.0	0.421
5uty_D_E_B	0.05849027777777778	0.0	0.421
6ce0_D_E_B	0.05849027777777778	0.0	0.419
6ch7_D_E_B	0.05849027777777778	0.0	0.419
6ck9_D_E_B	0.05849027777777778	0.0	0.257
6de7_D_E_B	0.05849027777777778	0.0	0.421
6ieq_D_E_B	0.05849027777777778	0.0	0.421
6mdt_D_E_B	0.05849027777777778	0.0	0.419
6mu8_D_E_B	0.05849027777777778	0.0	0.257
6mug_D_E_B	0.05849027777777778	0.0	0.257
6nnj_D_E_B	0.05849027777777778	0.0	0.259
6w03_D_E_B	0.05849027777777778	0.0	0.257
6wix_D_E_B	0.05849027777777778	0.0	0.257
4r2g_D_C_O	0.05742857142857143	0.0	0.436
5d9q_H_L_G	0.043595238095238104	0.0	0.416
5d9q_N_M_J	0.043595238095238104	0.0	0.416
5u7m_H_L_G	0.043595238095238104	0.0	0.415
5u7o_H_L_G	0.043595238095238104	0.0	0.415
5utf_H_L_G	0.043595238095238104	0.0	0.415
6b0n_H_L_G	0.043595238095238104	0.0	0.415
6cdi_5_6_2	0.043595238095238104	0.0	0.231
6cuf_5_6_2	0.043595238095238104	0.0	0.232
6cuf_M_N_C	0.043595238095238104	0.0	0.232
6mph_M_N_C	0.043595238095238104	0.0	0.231
6n1w_5_6_C	0.043595238095238104	0.0	0.232
6n1w_m_n_2	0.043595238095238104	0.0	0.232
6nf2_E_F_G	0.043595238095238104	0.0	0.415
6osy_C_D_B	0.043595238095238104	0.0	0.415
6ot1_F_I_E	0.043595238095238104	0.0	0.415
1gc1_H_L_G	0.03955952380952381	0.0	0.616
1yyl_H_L_G	0.03955952380952381	0.0	0.624
2i60_H_L_G	0.03955952380952381	0.0	0.624
2nxy_D_C_A	0.03955952380952381	0.0	0.624
2nxz_D_C_A	0.03955952380952381	0.0	0.624
2ny0_D_C_A	0.03955952380952381	0.0	0.624
2ny1_D_C_A	0.03955952380952381	0.0	0.624
2ny4_D_C_A	0.03955952380952381	0.0	0.624
2ny5_H_L_G	0.03955952380952381	0.0	0.624
2ny6_D_C_A	0.03955952380952381	0.0	0.624
6cm3_K_J_D	0.03955952380952381	0.0	0.624
6cm3_O_N_E	0.03955952380952381	0.0	0.624
6opp_G_I_D	0.03955952380952381	0.0	0.621
6opp_H_L_A	0.03955952380952381	0.0	0.621
6x5b_H_L_A	0.03955952380952381	0.0	0.621
7lo6_H_G_E	0.03955952380952381	0.0	0.616
7lok_K_J_A	0.03955952380952381	0.0	0.616
7lok_M_L_C	0.03955952380952381	0.0	0.616
