abname	sesascore	episim	absim
4om1_H_L_G	0.648697619047619	0.425	0.67
4olx_H_L_G	0.6476452380952381	0.378	0.673
4olw_H_L_G	0.643097619047619	0.368	0.667
3ngb_B_C_A	0.6030071428571429	0.333	0.662
4lss_H_L_G	0.6030071428571429	0.286	0.665
6v8x_C_D_A	0.6030071428571429	0.552	0.658
6vlw_H_L_G	0.6030071428571429	0.0	0.665
4cc8_F_J_D	0.5704809523809523	0.0	0.995
4cc8_H_L_E	0.5704809523809523	0.0	0.995
6cde_5_6_2	0.5704809523809523	0.821	0.984
6cdi_8_7_2	0.5704809523809523	0.8	0.744
6cuf_8_7_2	0.5704809523809523	0.793	0.52
6mpg_8_7_2	0.5704809523809523	0.759	0.744
6mph_g_i_B	0.5704809523809523	0.774	0.744
6n1v_Q_R_C	0.5704809523809523	0.846	0.523
6n1w_Q_R_c	0.5704809523809523	0.759	0.52
6nf2_C_D_G	0.5704809523809523	0.815	0.995
6osy_F_E_B	0.5704809523809523	0.6	1.0
6osy_P_O_K	0.5704809523809523	0.667	1.0
6ot1_J_K_E	0.5704809523809523	1.0	1.0
6v8z_C_F_A	0.5704809523809523	0.786	0.989
3u7y_H_L_G	0.5477392857142858	0.271	0.641
4xvt_H_L_G	0.516472619047619	0.361	0.651
4xnz_B_C_A	0.4903545454545455	0.39	0.821
4xnz_E_F_D	0.4903545454545455	0.351	0.821
5v8l_I_M_D	0.4888126984126985	0.567	0.625
7ly9_A_M_K	0.4888126984126985	0.282	0.625
7ly9_B_C_G	0.4888126984126985	0.308	0.625
7pc2_G_H_C	0.4888126984126985	0.5	0.625
7pc2_K_L_A	0.4888126984126985	0.536	0.625
6chb_M_N_F	0.48658749999999995	0.515	0.439
5te4_H_L_G	0.42634960317460313	0.3	0.615
5te7_H_L_G	0.42634960317460313	0.359	0.615
3j5m_D_C_A	0.41477380952380954	0.469	0.66
6crq_D_E_A	0.41477380952380954	0.5	0.66
6crq_I_K_B	0.41477380952380954	0.533	0.66
6vo3_G_J_C	0.41477380952380954	0.4	0.66
7rsn_E_J_C	0.41477380952380954	0.353	0.658
7rso_G_J_C	0.41477380952380954	0.4	0.658
4jb9_H_L_G	0.40589166666666665	0.366	0.773
4jpv_H_L_G	0.3980196428571429	0.333	0.625
4lsv_H_L_G	0.3980196428571429	0.316	0.625
6p8n_B_D_A	0.32257857142857144	0.0	0.649
4j6r_H_L_G	0.30466111111111116	0.425	0.656
6udj_D_E_P	0.30459166666666665	0.545	0.417
7jks_H_L_G	0.30283115079365075	0.351	0.495
4lsu_H_L_G	0.30126309523809514	0.304	0.47
7tfo_H_L_A	0.2832875	0.238	0.455
4s1s_H_L_G	0.281995467032967	0.361	0.642
5wb9_H_L_G	0.26772083333333335	0.382	0.621
6b0n_D_E_G	0.2647035714285714	0.594	0.471
5cd5_C_D_A	0.26368888888888886	0.361	0.627
2ny7_H_L_G	0.2630972222222222	0.116	0.643
5vn8_I_K_E	0.2630972222222222	0.157	0.643
4lsp_H_L_G	0.25146250000000003	0.342	0.6
4ydl_H_L_G	0.24875790043290044	0.368	0.671
6oz3_H_L_G	0.22975463659147868	0.412	0.441
6udk_D_E_G	0.21475714285714287	0.515	0.556
6udk_M_N_R	0.21475714285714287	0.514	0.556
5f9o_H_L_G	0.21210712481962482	0.306	0.616
4xny_H_L_G	0.2027059523809524	0.386	0.647
5f96_H_L_G	0.1883202380952381	0.333	0.609
4xmp_H_L_G	0.1797130952380952	0.288	0.651
4rx4_A_D_E	0.16954345238095236	0.265	0.616
4rx4_H_L_G	0.16954345238095236	0.319	0.616
4rwy_H_L_A	0.15846329365079367	0.283	0.627
4jan_A_B_I	0.15604583333333336	0.216	0.435
4ye4_H_L_G	0.15300238095238095	0.25	0.561
6dc3_H_L_F	0.14604873737373736	0.0	0.428
7tfn_P_Q_C	0.1457982142857143	0.31	0.43
6nfc_J_M_G	0.14445833333333333	0.0	0.257
4r4f_H_L_A	0.14383055555555554	0.0	0.593
4ydj_A_B_I	0.14311190476190472	0.209	0.429
4ydj_H_L_G	0.14311190476190472	0.178	0.429
7mxe_R_W_J	0.1427892857142857	0.0	0.381
7rai_H_L_A	0.140725	0.0	0.584
7lg6_H_L_A	0.14021130952380956	0.378	0.607
7ll1_H_L_A	0.14021130952380956	0.382	0.609
7ll1_J_K_G	0.14021130952380956	0.394	0.609
7ll2_I_J_C	0.13865320512820511	0.5	0.579
7klc_H_L_A	0.13812797619047618	0.135	0.577
7llk_C_D_A	0.1345777777777778	0.324	0.409
4ywg_H_L_G	0.13403214285714285	0.0	0.596
3j70_A_B_D	0.13318630952380953	0.0	0.612
3p30_H_L_A	0.1314142857142857	0.0	0.442
4ybl_H_L_G	0.12831210317460318	0.0	0.42
6opa_S_R_G	0.12687083333333335	0.297	0.405
3hi1_B_A_J	0.12646626984126982	0.091	0.63
4yc2_B_C_A	0.12455416666666666	0.0	0.42
6bf4_B_C_A	0.12394583333333334	0.0	0.615
6mph_1_2_6	0.12249166666666667	0.0	0.244
1e6j_H_L_P	0.12234166666666667	0.0	0.43
6fy1_H_L_G	0.12168095238095238	0.0	0.454
6p62_C_D_B	0.11834166666666665	0.273	0.376
6ot1_A_C_O	0.117425	0.0	0.531
5vj6_M_N_B	0.11704123376623381	0.0	0.581
4rfo_H_L_G	0.11604166666666667	0.0	0.425
5kjr_H_L_G	0.11604166666666667	0.0	0.425
5a8h_L_K_G	0.11586623376623378	0.028	0.578
5a8h_R_Q_M	0.11586623376623378	0.037	0.578
5thr_P_Q_C	0.11586623376623378	0.0	0.578
6cm3_T_U_C	0.11586623376623378	0.0	0.578
6orp_H_L_G	0.114475	0.0	0.398
6orp_J_K_I	0.114475	0.0	0.398
6xcj_H_L_G	0.11186666666666666	0.143	0.632
7kde_M_N_E	0.10979285714285715	0.0	0.423
3mac_H_L_A	0.10860952380952381	0.0	0.449
4khx_H_L_A	0.10860952380952381	0.0	0.449
6x97_E_F_C	0.10196071428571431	0.0	0.373
6chb_J_K_G	0.10156547619047618	0.0	0.425
6dfg_H_L_A	0.10156547619047618	0.0	0.434
6nf2_H_L_B	0.10115595238095239	0.0	0.598
3u4e_A_B_J	0.1007279761904762	0.0	0.427
5w4l_B_C_A	0.10028095238095236	0.0	0.639
6mpg_3_4_A	0.09943706709956712	0.0	0.258
5aco_G_J_C	0.09698888888888889	0.0	0.416
3vrl_H_L_C	0.0962511904761905	0.0	0.424
6osy_H_L_A	0.09526130952380951	0.0	0.521
5ukr_H_L_G	0.09490000000000001	0.0	0.416
1n5y_H_L_B	0.08993333333333335	0.0	0.412
1n6q_H_L_B	0.08993333333333335	0.0	0.412
3ma9_H_L_A	0.08859166666666667	0.0	0.445
6mto_H_L_T	0.08783690476190478	0.0	0.655
6ofi_H_L_G	0.08678690476190475	0.0	0.648
6dc5_B_C_A	0.07359166666666667	0.0	0.645
6u0l_H_L_A	0.07148214285714286	0.0	0.438
6u0l_I_J_B	0.07148214285714286	0.0	0.438
6u0l_P_Q_C	0.07148214285714286	0.0	0.438
1gc1_H_L_G	0.06259166666666666	0.0	0.616
1yyl_H_L_G	0.06259166666666666	0.0	0.624
2i60_H_L_G	0.06259166666666666	0.0	0.624
2nxy_D_C_A	0.06259166666666666	0.0	0.624
2nxz_D_C_A	0.06259166666666666	0.0	0.624
2ny0_D_C_A	0.06259166666666666	0.0	0.624
2ny1_D_C_A	0.06259166666666666	0.0	0.624
2ny4_D_C_A	0.06259166666666666	0.0	0.624
2ny5_H_L_G	0.06259166666666666	0.0	0.624
2ny6_D_C_A	0.06259166666666666	0.0	0.624
6cm3_K_J_D	0.06259166666666666	0.0	0.624
6cm3_O_N_E	0.06259166666666666	0.0	0.624
6opp_G_I_D	0.06259166666666666	0.0	0.621
6opp_H_L_A	0.06259166666666666	0.0	0.621
6x5b_H_L_A	0.06259166666666666	0.0	0.621
7lo6_H_G_E	0.06259166666666666	0.0	0.616
7lok_K_J_A	0.06259166666666666	0.0	0.616
7lok_M_L_C	0.06259166666666666	0.0	0.616
5t3s_D_E_B	0.059562500000000004	0.0	0.421
5utf_D_E_B	0.059562500000000004	0.0	0.421
5uty_D_E_B	0.059562500000000004	0.0	0.421
6ce0_D_E_B	0.059562500000000004	0.0	0.419
6ch7_D_E_B	0.059562500000000004	0.0	0.419
6ck9_D_E_B	0.059562500000000004	0.0	0.257
6de7_D_E_B	0.059562500000000004	0.0	0.421
6ieq_D_E_B	0.059562500000000004	0.0	0.421
6mdt_D_E_B	0.059562500000000004	0.0	0.419
6mu8_D_E_B	0.059562500000000004	0.0	0.257
6mug_D_E_B	0.059562500000000004	0.0	0.257
6nnj_D_E_B	0.059562500000000004	0.0	0.259
6w03_D_E_B	0.059562500000000004	0.0	0.257
6wix_D_E_B	0.059562500000000004	0.0	0.257
5t3z_H_L_G	0.05882857142857143	0.0	0.428
6ccb_H_L_G	0.05882857142857143	0.0	0.426
6orn_F_I_K	0.05882857142857143	0.0	0.428
6mtj_H_L_G	0.03867857142857143	0.0	0.427
6mu6_H_L_G	0.03867857142857143	0.0	0.427
6nm6_H_L_G	0.03867857142857143	0.0	0.427
6nnj_H_L_G	0.03867857142857143	0.0	0.427
6vzi_H_L_G	0.03867857142857143	0.0	0.427
4r2g_D_C_O	0.03615	0.0	0.436
5d9q_H_L_G	0.03417380952380952	0.0	0.416
5d9q_N_M_J	0.03417380952380952	0.0	0.416
5u7m_H_L_G	0.03417380952380952	0.0	0.415
5u7o_H_L_G	0.03417380952380952	0.0	0.415
5utf_H_L_G	0.03417380952380952	0.0	0.415
6b0n_H_L_G	0.03417380952380952	0.0	0.415
6cdi_5_6_2	0.03417380952380952	0.0	0.231
6cuf_5_6_2	0.03417380952380952	0.0	0.232
6cuf_M_N_C	0.03417380952380952	0.0	0.232
6mph_M_N_C	0.03417380952380952	0.0	0.231
6n1w_5_6_C	0.03417380952380952	0.0	0.232
6n1w_m_n_2	0.03417380952380952	0.0	0.232
6nf2_E_F_G	0.03417380952380952	0.0	0.415
6osy_C_D_B	0.03417380952380952	0.0	0.415
6ot1_F_I_E	0.03417380952380952	0.0	0.415
