abname	sesascore	episim	absim
5d9q_H_L_G	0.9852619047619047	0.769	0.991
5d9q_N_M_J	0.9852619047619047	0.692	0.991
5u7m_H_L_G	0.9852619047619047	0.846	1.0
5u7o_H_L_G	0.9852619047619047	0.846	1.0
5utf_H_L_G	0.9852619047619047	0.75	1.0
6b0n_H_L_G	0.9852619047619047	0.6	1.0
6cdi_5_6_2	0.9852619047619047	0.917	0.533
6cuf_5_6_2	0.9852619047619047	1.0	0.529
6cuf_M_N_C	0.9852619047619047	0.917	0.529
6mph_M_N_C	0.9852619047619047	0.786	0.533
6n1w_5_6_C	0.9852619047619047	0.846	0.529
6n1w_m_n_2	0.9852619047619047	0.769	0.529
6nf2_E_F_G	0.9852619047619047	0.833	1.0
6osy_C_D_B	0.9852619047619047	0.846	1.0
6ot1_F_I_E	0.9852619047619047	1.0	1.0
6mtj_H_L_G	0.8488994047619048	0.733	0.712
6mu6_H_L_G	0.8488994047619048	0.688	0.712
6nm6_H_L_G	0.8488994047619048	0.769	0.712
6nnj_H_L_G	0.8488994047619048	0.538	0.712
6vzi_H_L_G	0.8488994047619048	0.571	0.712
4r2g_D_C_O	0.7542845238095238	0.615	0.714
5t3z_H_L_G	0.7328869047619048	0.846	0.721
6ccb_H_L_G	0.7328869047619048	0.4	0.718
6orn_F_I_K	0.7328869047619048	0.412	0.721
6chb_J_K_G	0.28621428571428564	0.467	0.635
6dfg_H_L_A	0.28621428571428564	0.5	0.642
1gc1_H_L_G	0.2618809523809524	0.0	0.435
1yyl_H_L_G	0.2618809523809524	0.0	0.437
2i60_H_L_G	0.2618809523809524	0.0	0.437
2nxy_D_C_A	0.2618809523809524	0.0	0.437
2nxz_D_C_A	0.2618809523809524	0.0	0.437
2ny0_D_C_A	0.2618809523809524	0.0	0.437
2ny1_D_C_A	0.2618809523809524	0.0	0.437
2ny4_D_C_A	0.2618809523809524	0.0	0.437
2ny5_H_L_G	0.2618809523809524	0.0	0.437
2ny6_D_C_A	0.2618809523809524	0.0	0.437
6cm3_K_J_D	0.2618809523809524	0.043	0.437
6cm3_O_N_E	0.2618809523809524	0.042	0.437
6opp_G_I_D	0.2618809523809524	0.037	0.437
6opp_H_L_A	0.2618809523809524	0.038	0.437
6x5b_H_L_A	0.2618809523809524	0.038	0.437
7lo6_H_G_E	0.2618809523809524	0.043	0.435
7lok_K_J_A	0.2618809523809524	0.042	0.435
7lok_M_L_C	0.2618809523809524	0.043	0.435
3u4e_A_B_J	0.2592946428571429	0.0	0.578
5vj6_M_N_B	0.19169623015873014	0.0	0.42
5a8h_L_K_G	0.19140456349206347	0.0	0.419
5a8h_R_Q_M	0.19140456349206347	0.0	0.419
5thr_P_Q_C	0.19140456349206347	0.0	0.419
6cm3_T_U_C	0.19140456349206347	0.0	0.419
6u0l_H_L_A	0.17341964285714287	0.0	0.589
6u0l_I_J_B	0.17341964285714287	0.04	0.589
6u0l_P_Q_C	0.17341964285714287	0.0	0.589
7llk_C_D_A	0.17297083333333335	0.0	0.589
2ny7_H_L_G	0.14301904761904763	0.029	0.443
5vn8_I_K_E	0.14301904761904763	0.0	0.443
6opa_S_R_G	0.13995238095238094	0.0	0.586
6xcj_H_L_G	0.1322720238095238	0.0	0.426
6x97_E_F_C	0.13008982683982687	0.0	0.354
5t3s_D_E_B	0.12164880952380952	0.0	0.551
5utf_D_E_B	0.12164880952380952	0.0	0.548
5uty_D_E_B	0.12164880952380952	0.0	0.548
6ce0_D_E_B	0.12164880952380952	0.0	0.548
6ch7_D_E_B	0.12164880952380952	0.0	0.548
6ck9_D_E_B	0.12164880952380952	0.0	0.25
6de7_D_E_B	0.12164880952380952	0.0	0.548
6ieq_D_E_B	0.12164880952380952	0.0	0.551
6mdt_D_E_B	0.12164880952380952	0.0	0.548
6mu8_D_E_B	0.12164880952380952	0.0	0.25
6mug_D_E_B	0.12164880952380952	0.0	0.25
6nnj_D_E_B	0.12164880952380952	0.0	0.252
6w03_D_E_B	0.12164880952380952	0.0	0.25
6wix_D_E_B	0.12164880952380952	0.0	0.25
4rwy_H_L_A	0.11931071428571428	0.0	0.437
6mpg_3_4_A	0.1187397435897436	0.0	0.244
6dc3_H_L_F	0.11455151515151517	0.0	0.602
6udj_D_E_P	0.11209035087719298	0.0	0.334
6nf2_H_L_B	0.10633333333333334	0.0	0.474
7kde_M_N_E	0.10603571428571427	0.294	0.613
4rx4_A_D_E	0.10587321428571428	0.0	0.433
4rx4_H_L_G	0.10587321428571428	0.0	0.433
6udk_D_E_G	0.10388333333333334	0.0	0.409
6udk_M_N_R	0.10388333333333334	0.0	0.409
7ll2_I_J_C	0.09294166666666666	0.0	0.474
5w4l_B_C_A	0.09250833333333333	0.0	0.437
4ye4_H_L_G	0.0924988095238095	0.0	0.419
7mxe_R_W_J	0.09053333333333333	0.0	0.558
6mto_H_L_T	0.0904047619047619	0.0	0.437
6ot1_A_C_O	0.09010833333333335	0.0	0.463
5f96_H_L_G	0.08696309523809521	0.0	0.429
6oz3_H_L_G	0.08614999999999999	0.0	0.563
4xmp_H_L_G	0.08229761904761904	0.0	0.417
1n5y_H_L_B	0.08150555555555555	0.0	0.373
1n6q_H_L_B	0.08150555555555555	0.0	0.373
4xny_H_L_G	0.08036845238095237	0.0	0.428
5f9o_H_L_G	0.08035714285714286	0.0	0.434
4ydj_A_B_I	0.07753333333333333	0.0	0.568
4ydj_H_L_G	0.07753333333333333	0.0	0.568
3p30_H_L_A	0.07729166666666668	0.0	0.575
1e6j_H_L_P	0.077125	0.0	0.36
4jan_A_B_I	0.07668154761904762	0.0	0.641
6ofi_H_L_G	0.07394682539682537	0.0	0.445
6p62_C_D_B	0.07241666666666666	0.0	0.362
7klc_H_L_A	0.07210833333333334	0.0	0.441
4cc8_F_J_D	0.07127857142857144	0.0	0.413
4cc8_H_L_E	0.07127857142857144	0.0	0.413
6cde_5_6_2	0.07127857142857144	0.0	0.406
6cdi_8_7_2	0.07127857142857144	0.0	0.37
6cuf_8_7_2	0.07127857142857144	0.0	0.226
6mpg_8_7_2	0.07127857142857144	0.0	0.37
6mph_g_i_B	0.07127857142857144	0.0	0.37
6n1v_Q_R_C	0.07127857142857144	0.0	0.223
6n1w_Q_R_c	0.07127857142857144	0.0	0.226
6nf2_C_D_G	0.07127857142857144	0.0	0.414
6osy_F_E_B	0.07127857142857144	0.0	0.415
6osy_P_O_K	0.07127857142857144	0.0	0.415
6ot1_J_K_E	0.07127857142857144	0.0	0.415
6v8z_C_F_A	0.07127857142857144	0.0	0.41
4rfo_H_L_G	0.07093988095238095	0.0	0.633
5kjr_H_L_G	0.07093988095238095	0.0	0.633
4lsu_H_L_G	0.06895	0.0	0.564
3j70_A_B_D	0.06858333333333334	0.107	0.417
6bf4_B_C_A	0.06839999999999999	0.0	0.441
6nfc_J_M_G	0.06656388888888888	0.0	0.284
6mph_1_2_6	0.06544166666666666	0.0	0.304
4s1s_H_L_G	0.06508095238095236	0.0	0.422
5wb9_H_L_G	0.06465595238095238	0.0	0.424
5v8l_I_M_D	0.0634031746031746	0.0	0.422
7ly9_A_M_K	0.0634031746031746	0.0	0.422
7ly9_B_C_G	0.0634031746031746	0.0	0.422
7pc2_G_H_C	0.0634031746031746	0.0	0.422
7pc2_K_L_A	0.0634031746031746	0.0	0.422
4j6r_H_L_G	0.06308095238095238	0.0	0.436
6fy1_H_L_G	0.06295	0.0	0.62
6osy_H_L_A	0.06292857142857143	0.0	0.438
4lsp_H_L_G	0.061142857142857145	0.0	0.408
4xnz_B_C_A	0.06036428571428571	0.0	0.417
4xnz_E_F_D	0.06036428571428571	0.0	0.417
7jks_H_L_G	0.0599	0.0	0.367
6b0n_D_E_G	0.059899999999999995	0.0	0.563
3mac_H_L_A	0.059819444444444446	0.0	0.584
4khx_H_L_A	0.059819444444444446	0.0	0.584
4r4f_H_L_A	0.05972380952380952	0.0	0.487
7tfn_P_Q_C	0.0587142857142857	0.0	0.627
7lg6_H_L_A	0.058091666666666666	0.0	0.433
7ll1_H_L_A	0.058091666666666666	0.0	0.43
7ll1_J_K_G	0.058091666666666666	0.0	0.43
3hi1_B_A_J	0.05795833333333333	0.0	0.505
4ywg_H_L_G	0.05729166666666667	0.0	0.483
5cd5_C_D_A	0.05593214285714285	0.0	0.421
5ukr_H_L_G	0.055292857142857144	0.0	0.596
6orp_H_L_G	0.05414166666666666	0.182	0.604
6orp_J_K_I	0.05414166666666666	0.182	0.604
4jb9_H_L_G	0.05406666666666667	0.0	0.418
4jpv_H_L_G	0.05163333333333334	0.0	0.422
4lsv_H_L_G	0.05163333333333334	0.0	0.422
3ma9_H_L_A	0.05146944444444444	0.0	0.589
4yc2_B_C_A	0.051382142857142855	0.0	0.63
6dc5_B_C_A	0.05034444444444444	0.0	0.428
5te4_H_L_G	0.049114285714285714	0.0	0.402
5te7_H_L_G	0.049114285714285714	0.0	0.402
4ybl_H_L_G	0.04879880952380952	0.0	0.63
4ydl_H_L_G	0.04865595238095238	0.0	0.423
5aco_G_J_C	0.047525	0.438	0.624
3ngb_B_C_A	0.04593170995670995	0.0	0.429
4lss_H_L_G	0.04593170995670995	0.0	0.434
6v8x_C_D_A	0.04593170995670995	0.0	0.431
6vlw_H_L_G	0.04593170995670995	0.0	0.434
3vrl_H_L_C	0.04591666666666666	0.0	0.361
4om1_H_L_G	0.04551742424242424	0.0	0.429
7rai_H_L_A	0.04458273809523809	0.069	0.406
3j5m_D_C_A	0.04421666666666667	0.0	0.428
6crq_D_E_A	0.04421666666666667	0.0	0.428
6crq_I_K_B	0.04421666666666667	0.0	0.428
6vo3_G_J_C	0.04421666666666667	0.0	0.428
7rsn_E_J_C	0.04421666666666667	0.0	0.427
7rso_G_J_C	0.04421666666666667	0.0	0.427
4xvt_H_L_G	0.044175	0.0	0.427
3u7y_H_L_G	0.04281742424242424	0.0	0.431
7tfo_H_L_A	0.04278333333333333	0.0	0.601
6p8n_B_D_A	0.04127142857142857	0.0	0.431
4olw_H_L_G	0.040517424242424244	0.0	0.431
4olx_H_L_G	0.03875833333333333	0.0	0.431
6chb_M_N_F	0.030583333333333327	0.0	0.574
