abname	sesascore	episim	absim
1gc1_H_L_G	0.5874535714285715	0.471	0.486
1yyl_H_L_G	0.5874535714285715	0.556	0.495
2i60_H_L_G	0.5874535714285715	0.625	0.495
2nxy_D_C_A	0.5874535714285715	0.625	0.495
2nxz_D_C_A	0.5874535714285715	0.625	0.495
2ny0_D_C_A	0.5874535714285715	0.667	0.495
2ny1_D_C_A	0.5874535714285715	0.588	0.495
2ny4_D_C_A	0.5874535714285715	0.588	0.495
2ny5_H_L_G	0.5874535714285715	0.588	0.495
2ny6_D_C_A	0.5874535714285715	0.588	0.495
6cm3_K_J_D	0.5874535714285715	0.857	0.495
6cm3_O_N_E	0.5874535714285715	0.8	0.495
6opp_G_I_D	0.5874535714285715	0.579	0.487
6opp_H_L_A	0.5874535714285715	0.526	0.487
6x5b_H_L_A	0.5874535714285715	0.611	0.487
7lo6_H_G_E	0.5874535714285715	0.733	0.492
7lok_K_J_A	0.5874535714285715	0.588	0.492
7lok_M_L_C	0.5874535714285715	0.625	0.492
6u0l_H_L_A	0.5259266483516483	0.786	1.0
6u0l_I_J_B	0.5259266483516483	1.0	1.0
6u0l_P_Q_C	0.5259266483516483	0.786	1.0
5t3z_H_L_G	0.2801071428571429	0.04	0.59
6ccb_H_L_G	0.2801071428571429	0.045	0.587
6orn_F_I_K	0.2801071428571429	0.04	0.59
4r2g_D_C_O	0.2232946428571429	0.045	0.575
3u4e_A_B_J	0.21674880952380948	0.0	0.614
5a8h_L_K_G	0.2031904761904762	0.0	0.442
5a8h_R_Q_M	0.2031904761904762	0.0	0.442
5thr_P_Q_C	0.2031904761904762	0.0	0.442
6cm3_T_U_C	0.2031904761904762	0.0	0.442
6mtj_H_L_G	0.2027375	0.037	0.57
6mu6_H_L_G	0.2027375	0.036	0.57
6nm6_H_L_G	0.2027375	0.042	0.57
6nnj_H_L_G	0.2027375	0.048	0.57
6vzi_H_L_G	0.2027375	0.043	0.57
1n5y_H_L_B	0.1976805555555556	0.0	0.358
1n6q_H_L_B	0.1976805555555556	0.0	0.358
5vj6_M_N_B	0.18410714285714289	0.0	0.445
6mpg_3_4_A	0.18153725490196077	0.0	0.26
2ny7_H_L_G	0.17339146825396828	0.0	0.483
5vn8_I_K_E	0.17339146825396828	0.0	0.483
5d9q_H_L_G	0.17129404761904762	0.042	0.594
5d9q_N_M_J	0.17129404761904762	0.043	0.594
5u7m_H_L_G	0.17129404761904762	0.04	0.589
5u7o_H_L_G	0.17129404761904762	0.04	0.589
5utf_H_L_G	0.17129404761904762	0.045	0.589
6b0n_H_L_G	0.17129404761904762	0.04	0.589
6cdi_5_6_2	0.17129404761904762	0.042	0.258
6cuf_5_6_2	0.17129404761904762	0.04	0.257
6cuf_M_N_C	0.17129404761904762	0.042	0.257
6mph_M_N_C	0.17129404761904762	0.038	0.258
6n1w_5_6_C	0.17129404761904762	0.04	0.257
6n1w_m_n_2	0.17129404761904762	0.042	0.257
6nf2_E_F_G	0.17129404761904762	0.043	0.589
6osy_C_D_B	0.17129404761904762	0.04	0.589
6ot1_F_I_E	0.17129404761904762	0.04	0.589
6xcj_H_L_G	0.16974089035964035	0.0	0.466
6chb_J_K_G	0.1681488095238095	0.043	0.569
6dfg_H_L_A	0.1681488095238095	0.036	0.581
6opa_S_R_G	0.16096831501831502	0.0	0.547
6x97_E_F_C	0.15954136141636138	0.0	0.364
6dc3_H_L_F	0.15163802308802315	0.0	0.646
3j70_A_B_D	0.14752857142857143	0.179	0.475
6udk_D_E_G	0.1438	0.0	0.424
6udk_M_N_R	0.1438	0.0	0.424
4ydj_A_B_I	0.13087023809523807	0.079	0.601
4ydj_H_L_G	0.13087023809523807	0.077	0.601
4ye4_H_L_G	0.12834285714285715	0.0	0.415
4rx4_A_D_E	0.12443869047619048	0.041	0.442
4rx4_H_L_G	0.12443869047619048	0.02	0.442
6udj_D_E_P	0.12367083333333334	0.0	0.333
4rwy_H_L_A	0.12290595238095238	0.021	0.444
4xmp_H_L_G	0.11987619047619047	0.0	0.435
7llk_C_D_A	0.11892500000000002	0.0	0.578
7mxe_R_W_J	0.11861537698412698	0.0	0.526
6ot1_A_C_O	0.11717500000000002	0.0	0.431
6nf2_H_L_B	0.11691904761904763	0.0	0.438
7klc_H_L_A	0.11555059523809524	0.0	0.446
3p30_H_L_A	0.11473928571428572	0.0	0.702
6osy_H_L_A	0.10866190476190478	0.0	0.424
3ma9_H_L_A	0.10692118298368299	0.0	0.693
4ywg_H_L_G	0.10375034965034967	0.0	0.438
4xny_H_L_G	0.10268452380952381	0.0	0.43
6bf4_B_C_A	0.10263373015873016	0.0	0.447
3mac_H_L_A	0.10090178571428571	0.0	0.69
4khx_H_L_A	0.10090178571428571	0.0	0.69
5ukr_H_L_G	0.10043452380952379	0.0	0.582
5f9o_H_L_G	0.09920138888888888	0.0	0.439
5wb9_H_L_G	0.098	0.0	0.448
6oz3_H_L_G	0.09737976190476191	0.0	0.594
6p62_C_D_B	0.09700833333333332	0.0	0.355
5w4l_B_C_A	0.09698333333333334	0.0	0.495
4jan_A_B_I	0.09654523809523809	0.03	0.603
6b0n_D_E_G	0.0942718253968254	0.0	0.636
5f96_H_L_G	0.09388789682539682	0.0	0.427
6mph_1_2_6	0.0932	0.0	0.246
5cd5_C_D_A	0.09308749999999999	0.0	0.442
7ll2_I_J_C	0.093075	0.0	0.426
6mto_H_L_T	0.0922	0.0	0.485
6nfc_J_M_G	0.090125	0.0	0.31
6orp_H_L_G	0.08920357142857142	0.0	0.594
6orp_J_K_I	0.08920357142857142	0.0	0.594
4rfo_H_L_G	0.0886875	0.0	0.621
5kjr_H_L_G	0.0886875	0.0	0.621
4s1s_H_L_G	0.08845416666666667	0.0	0.448
3hi1_B_A_J	0.0871059523809524	0.028	0.442
6fy1_H_L_G	0.08429563492063492	0.0	0.629
4jpv_H_L_G	0.08294761904761905	0.0	0.445
4lsv_H_L_G	0.08294761904761905	0.0	0.445
4lsu_H_L_G	0.08263988095238096	0.043	0.59
7jks_H_L_G	0.08180833333333332	0.0	0.392
6chb_M_N_F	0.08153333333333333	0.0	0.665
1e6j_H_L_P	0.08061944444444444	0.0	0.39
6ofi_H_L_G	0.0803142857142857	0.0	0.487
4j6r_H_L_G	0.07781111111111112	0.022	0.463
6dc5_B_C_A	0.07641666666666667	0.0	0.478
3vrl_H_L_C	0.07536488095238096	0.0	0.372
5aco_G_J_C	0.07519999999999999	0.042	0.621
4xnz_B_C_A	0.07507222222222222	0.022	0.43
4xnz_E_F_D	0.07507222222222222	0.0	0.43
4jb9_H_L_G	0.07397222222222223	0.0	0.427
7tfn_P_Q_C	0.07395238095238096	0.0	0.557
7tfo_H_L_A	0.07341071428571429	0.051	0.696
7kde_M_N_E	0.07277777777777777	0.043	0.613
5v8l_I_M_D	0.07200654761904764	0.0	0.445
7ly9_A_M_K	0.07200654761904764	0.0	0.445
7ly9_B_C_G	0.07200654761904764	0.0	0.445
7pc2_G_H_C	0.07200654761904764	0.0	0.445
7pc2_K_L_A	0.07200654761904764	0.0	0.445
4lsp_H_L_G	0.0711140873015873	0.026	0.442
5te4_H_L_G	0.06717757936507937	0.0	0.448
5te7_H_L_G	0.06717757936507937	0.0	0.448
4r4f_H_L_A	0.06611309523809523	0.0	0.446
4ydl_H_L_G	0.06573611111111112	0.0	0.432
7lg6_H_L_A	0.06550178571428572	0.0	0.429
7ll1_H_L_A	0.06550178571428572	0.0	0.428
7ll1_J_K_G	0.06550178571428572	0.0	0.428
4ybl_H_L_G	0.063825	0.0	0.618
4yc2_B_C_A	0.06340833333333334	0.0	0.618
7rai_H_L_A	0.062316666666666666	0.0	0.434
4cc8_F_J_D	0.061329365079365074	0.0	0.435
4cc8_H_L_E	0.061329365079365074	0.0	0.435
6cde_5_6_2	0.061329365079365074	0.0	0.431
6cdi_8_7_2	0.061329365079365074	0.0	0.4
6cuf_8_7_2	0.061329365079365074	0.0	0.249
6mpg_8_7_2	0.061329365079365074	0.0	0.4
6mph_g_i_B	0.061329365079365074	0.0	0.4
6n1v_Q_R_C	0.061329365079365074	0.0	0.246
6n1w_Q_R_c	0.061329365079365074	0.0	0.249
6nf2_C_D_G	0.061329365079365074	0.0	0.436
6osy_F_E_B	0.061329365079365074	0.0	0.438
6osy_P_O_K	0.061329365079365074	0.0	0.438
6ot1_J_K_E	0.061329365079365074	0.0	0.438
6v8z_C_F_A	0.061329365079365074	0.0	0.435
6p8n_B_D_A	0.060520833333333336	0.0	0.483
5t3s_D_E_B	0.05601666666666667	0.0	0.58
5utf_D_E_B	0.05601666666666667	0.0	0.575
5uty_D_E_B	0.05601666666666667	0.0	0.575
6ce0_D_E_B	0.05601666666666667	0.0	0.577
6ch7_D_E_B	0.05601666666666667	0.0	0.577
6ck9_D_E_B	0.05601666666666667	0.0	0.27
6de7_D_E_B	0.05601666666666667	0.0	0.575
6ieq_D_E_B	0.05601666666666667	0.0	0.58
6mdt_D_E_B	0.05601666666666667	0.0	0.577
6mu8_D_E_B	0.05601666666666667	0.0	0.27
6mug_D_E_B	0.05601666666666667	0.0	0.27
6nnj_D_E_B	0.05601666666666667	0.0	0.269
6w03_D_E_B	0.05601666666666667	0.0	0.27
6wix_D_E_B	0.05601666666666667	0.0	0.27
3j5m_D_C_A	0.05087023809523809	0.0	0.435
6crq_D_E_A	0.05087023809523809	0.0	0.435
6crq_I_K_B	0.05087023809523809	0.0	0.435
6vo3_G_J_C	0.05087023809523809	0.0	0.435
7rsn_E_J_C	0.05087023809523809	0.0	0.434
7rso_G_J_C	0.05087023809523809	0.0	0.434
4olx_H_L_G	0.04919166666666667	0.0	0.438
4xvt_H_L_G	0.04829166666666667	0.0	0.452
4om1_H_L_G	0.04806666666666667	0.0	0.434
3u7y_H_L_G	0.04785238095238095	0.042	0.442
4olw_H_L_G	0.04769166666666667	0.0	0.438
3ngb_B_C_A	0.03594166666666667	0.0	0.429
4lss_H_L_G	0.03594166666666667	0.049	0.434
6v8x_C_D_A	0.03594166666666667	0.0	0.429
6vlw_H_L_G	0.03594166666666667	0.0	0.434
