abname	sesascore	episim	absim
6udk_D_E_G	0.4672680014430015	0.767	1.0
6udk_M_N_R	0.4672680014430015	1.0	1.0
6udj_D_E_P	0.33684841269841276	0.636	0.64
4om1_H_L_G	0.29328452380952375	0.333	0.57
4olw_H_L_G	0.28878452380952374	0.341	0.575
4olx_H_L_G	0.28870119047619053	0.35	0.575
3u7y_H_L_G	0.26681547619047613	0.28	0.574
3ngb_B_C_A	0.25050833333333333	0.31	0.571
4lss_H_L_G	0.25050833333333333	0.295	0.576
6v8x_C_D_A	0.25050833333333333	0.412	0.568
6vlw_H_L_G	0.25050833333333333	0.019	0.587
4xvt_H_L_G	0.24773095238095239	0.368	0.575
5te4_H_L_G	0.2375166666666667	0.31	0.552
5te7_H_L_G	0.2375166666666667	0.436	0.552
6chb_M_N_F	0.22913313492063492	0.514	0.423
4lsp_H_L_G	0.22227003968253964	0.286	0.552
2ny7_H_L_G	0.22006161297852475	0.244	0.603
5vn8_I_K_E	0.22006161297852475	0.192	0.603
4cc8_F_J_D	0.21319166666666667	0.0	0.553
4cc8_H_L_E	0.21319166666666667	0.0	0.553
6cde_5_6_2	0.21319166666666667	0.5	0.544
6cdi_8_7_2	0.21319166666666667	0.462	0.387
6cuf_8_7_2	0.21319166666666667	0.447	0.247
6mpg_8_7_2	0.21319166666666667	0.421	0.387
6mph_g_i_B	0.21319166666666667	0.45	0.387
6n1v_Q_R_C	0.21319166666666667	0.457	0.247
6n1w_Q_R_c	0.21319166666666667	0.459	0.247
6nf2_C_D_G	0.21319166666666667	0.444	0.556
6osy_F_E_B	0.21319166666666667	0.545	0.556
6osy_P_O_K	0.21319166666666667	0.5	0.556
6ot1_J_K_E	0.21319166666666667	0.514	0.556
6v8z_C_F_A	0.21319166666666667	0.514	0.548
3j5m_D_C_A	0.2055232142857143	0.471	0.564
6crq_D_E_A	0.2055232142857143	0.5	0.564
6crq_I_K_B	0.2055232142857143	0.531	0.564
6vo3_G_J_C	0.2055232142857143	0.368	0.564
7rsn_E_J_C	0.2055232142857143	0.361	0.565
7rso_G_J_C	0.2055232142857143	0.333	0.565
4xnz_B_C_A	0.20423928571428573	0.333	0.539
4xnz_E_F_D	0.20423928571428573	0.293	0.539
6p8n_B_D_A	0.1983976190476191	0.0	0.598
7tfn_P_Q_C	0.1823113095238095	0.487	0.411
7llk_C_D_A	0.18042341269841267	0.333	0.41
4j6r_H_L_G	0.1764626984126984	0.364	0.587
4jb9_H_L_G	0.17369166666666663	0.311	0.539
4jan_A_B_I	0.17143730158730155	0.297	0.387
4s1s_H_L_G	0.1694422619047619	0.333	0.586
4lsu_H_L_G	0.16772142857142855	0.312	0.417
7tfo_H_L_A	0.16585416666666666	0.375	0.433
7jks_H_L_G	0.16577103174603172	0.293	0.456
5v8l_I_M_D	0.1652970238095238	0.429	0.536
7ly9_A_M_K	0.1652970238095238	0.293	0.536
7ly9_B_C_G	0.1652970238095238	0.286	0.536
7pc2_G_H_C	0.1652970238095238	0.406	0.536
7pc2_K_L_A	0.1652970238095238	0.394	0.536
4jpv_H_L_G	0.16337857142857146	0.308	0.536
4lsv_H_L_G	0.16337857142857146	0.293	0.536
5cd5_C_D_A	0.15796130952380952	0.3	0.559
7ll2_I_J_C	0.15784296218487398	0.412	0.545
6fy1_H_L_G	0.15702256493506492	0.0	0.413
4ye4_H_L_G	0.15299583333333333	0.231	0.539
6oz3_H_L_G	0.15290892857142857	0.308	0.413
4ydl_H_L_G	0.15272480158730162	0.341	0.576
6b0n_D_E_G	0.1491708333333333	0.421	0.428
4xmp_H_L_G	0.14739166666666667	0.296	0.557
4rwy_H_L_A	0.14573604826546	0.319	0.592
4r4f_H_L_A	0.1453232142857143	0.0	0.54
4rx4_A_D_E	0.14467153361344537	0.327	0.595
4rx4_H_L_G	0.14467153361344537	0.354	0.595
5f96_H_L_G	0.14445773809523807	0.342	0.578
4xny_H_L_G	0.14337083333333334	0.306	0.554
5wb9_H_L_G	0.14326130952380953	0.351	0.562
6dc3_H_L_F	0.14282331932773107	0.0	0.402
4ywg_H_L_G	0.14171071428571427	0.0	0.55
4ydj_A_B_I	0.1406519841269841	0.279	0.399
4ydj_H_L_G	0.1406519841269841	0.273	0.399
6opa_S_R_G	0.13905714285714285	0.417	0.38
6xcj_H_L_G	0.13786865079365077	0.093	0.581
6x97_E_F_C	0.13270161782661782	0.0	0.383
3u4e_A_B_J	0.13267391456582633	0.0	0.412
6chb_J_K_G	0.1321821428571429	0.0	0.421
6dfg_H_L_A	0.1321821428571429	0.0	0.403
5f9o_H_L_G	0.13186468253968256	0.351	0.585
7klc_H_L_A	0.13127440476190474	0.023	0.549
7mxe_R_W_J	0.12983452380952382	0.0	0.443
5w4l_B_C_A	0.12968154761904763	0.0	0.611
6osy_H_L_A	0.12897222222222224	0.0	0.48
6nfc_J_M_G	0.1278595238095238	0.0	0.234
3hi1_B_A_J	0.12647440476190477	0.186	0.573
6p62_C_D_B	0.12576488095238098	0.216	0.368
4ybl_H_L_G	0.12463869047619047	0.0	0.392
6nf2_H_L_B	0.1233315476190476	0.0	0.537
6mto_H_L_T	0.1214470238095238	0.0	0.584
4yc2_B_C_A	0.12106369047619046	0.0	0.392
3j70_A_B_D	0.1208123015873016	0.0	0.569
6ot1_A_C_O	0.11993571428571427	0.0	0.488
7lg6_H_L_A	0.11973154761904761	0.459	0.566
7ll1_H_L_A	0.11973154761904761	0.389	0.56
7ll1_J_K_G	0.11973154761904761	0.4	0.56
7kde_M_N_E	0.11755416666666667	0.0	0.392
6bf4_B_C_A	0.11628452380952381	0.0	0.532
6mph_1_2_6	0.11564583333333332	0.0	0.222
5a8h_L_K_G	0.11467103174603174	0.0	0.566
5a8h_R_Q_M	0.11467103174603174	0.023	0.566
5thr_P_Q_C	0.11467103174603174	0.0	0.566
6cm3_T_U_C	0.11467103174603174	0.0	0.566
6mpg_3_4_A	0.11370496031746032	0.0	0.228
3p30_H_L_A	0.11250595238095239	0.0	0.408
4rfo_H_L_G	0.1122077380952381	0.0	0.41
5kjr_H_L_G	0.1122077380952381	0.0	0.41
5vj6_M_N_B	0.11158948412698413	0.0	0.548
7rai_H_L_A	0.11027599206349206	0.0	0.532
1e6j_H_L_P	0.10742857142857146	0.0	0.412
6ofi_H_L_G	0.1059969696969697	0.0	0.602
6dc5_B_C_A	0.10588571428571429	0.0	0.583
6orp_H_L_G	0.10375535714285715	0.0	0.449
6orp_J_K_I	0.10375535714285715	0.0	0.449
3mac_H_L_A	0.1007077380952381	0.0	0.426
4khx_H_L_A	0.1007077380952381	0.0	0.426
3ma9_H_L_A	0.09948273809523811	0.0	0.426
3vrl_H_L_C	0.09761805555555554	0.023	0.392
5ukr_H_L_G	0.09666964285714287	0.0	0.387
5aco_G_J_C	0.09393948412698412	0.0	0.399
1n5y_H_L_B	0.09392777777777778	0.0	0.393
1n6q_H_L_B	0.09392777777777778	0.0	0.393
6u0l_H_L_A	0.09067857142857143	0.0	0.424
6u0l_I_J_B	0.09067857142857143	0.0	0.424
6u0l_P_Q_C	0.09067857142857143	0.0	0.424
1gc1_H_L_G	0.08922638888888891	0.0	0.574
1yyl_H_L_G	0.08922638888888891	0.0	0.581
2i60_H_L_G	0.08922638888888891	0.0	0.581
2nxy_D_C_A	0.08922638888888891	0.0	0.581
2nxz_D_C_A	0.08922638888888891	0.0	0.581
2ny0_D_C_A	0.08922638888888891	0.0	0.581
2ny1_D_C_A	0.08922638888888891	0.0	0.581
2ny4_D_C_A	0.08922638888888891	0.0	0.581
2ny5_H_L_G	0.08922638888888891	0.0	0.581
2ny6_D_C_A	0.08922638888888891	0.0	0.581
6cm3_K_J_D	0.08922638888888891	0.0	0.581
6cm3_O_N_E	0.08922638888888891	0.0	0.581
6opp_G_I_D	0.08922638888888891	0.0	0.578
6opp_H_L_A	0.08922638888888891	0.0	0.578
6x5b_H_L_A	0.08922638888888891	0.0	0.578
7lo6_H_G_E	0.08922638888888891	0.0	0.598
7lok_K_J_A	0.08922638888888891	0.0	0.598
7lok_M_L_C	0.08922638888888891	0.0	0.598
5d9q_H_L_G	0.06424761904761904	0.0	0.41
5d9q_N_M_J	0.06424761904761904	0.0	0.41
5u7m_H_L_G	0.06424761904761904	0.0	0.409
5u7o_H_L_G	0.06424761904761904	0.0	0.409
5utf_H_L_G	0.06424761904761904	0.0	0.409
6b0n_H_L_G	0.06424761904761904	0.0	0.409
6cdi_5_6_2	0.06424761904761904	0.0	0.223
6cuf_5_6_2	0.06424761904761904	0.0	0.224
6cuf_M_N_C	0.06424761904761904	0.0	0.224
6mph_M_N_C	0.06424761904761904	0.0	0.223
6n1w_5_6_C	0.06424761904761904	0.0	0.224
6n1w_m_n_2	0.06424761904761904	0.0	0.224
6nf2_E_F_G	0.06424761904761904	0.0	0.409
6osy_C_D_B	0.06424761904761904	0.0	0.409
6ot1_F_I_E	0.06424761904761904	0.0	0.409
6mtj_H_L_G	0.06265416666666666	0.0	0.401
6mu6_H_L_G	0.06265416666666666	0.0	0.401
6nm6_H_L_G	0.06265416666666666	0.0	0.401
6nnj_H_L_G	0.06265416666666666	0.0	0.401
6vzi_H_L_G	0.06265416666666666	0.0	0.401
4r2g_D_C_O	0.060552976190476185	0.0	0.406
5t3z_H_L_G	0.059486309523809525	0.0	0.409
6ccb_H_L_G	0.059486309523809525	0.0	0.409
6orn_F_I_K	0.059486309523809525	0.0	0.409
5t3s_D_E_B	0.05272916666666667	0.0	0.432
5utf_D_E_B	0.05272916666666667	0.0	0.43
5uty_D_E_B	0.05272916666666667	0.0	0.43
6ce0_D_E_B	0.05272916666666667	0.0	0.43
6ch7_D_E_B	0.05272916666666667	0.0	0.43
6ck9_D_E_B	0.05272916666666667	0.0	0.244
6de7_D_E_B	0.05272916666666667	0.0	0.43
6ieq_D_E_B	0.05272916666666667	0.0	0.432
6mdt_D_E_B	0.05272916666666667	0.0	0.43
6mu8_D_E_B	0.05272916666666667	0.0	0.244
6mug_D_E_B	0.05272916666666667	0.0	0.244
6nnj_D_E_B	0.05272916666666667	0.0	0.252
6w03_D_E_B	0.05272916666666667	0.0	0.244
6wix_D_E_B	0.05272916666666667	0.0	0.244
