abname	sesascore	episim	absim
4jan_A_B_I	0.18169404761904764	0.0	0.363
7tfn_P_Q_C	0.16723214285714286	0.0	0.372
3ma9_H_L_A	0.1632170454545455	0.0	0.378
4xvt_H_L_G	0.15864702380952386	0.0	0.379
3ngb_B_C_A	0.15851130952380957	0.0	0.371
4lss_H_L_G	0.15851130952380957	0.0	0.373
6v8x_C_D_A	0.15851130952380957	0.0	0.372
6vlw_H_L_G	0.15851130952380957	0.0	0.37
4lsp_H_L_G	0.15623809523809526	0.0	0.383
3u7y_H_L_G	0.15528928571428577	0.0	0.366
6p8n_B_D_A	0.1503279761904762	0.0	0.402
3mac_H_L_A	0.15031228354978357	0.0	0.376
4khx_H_L_A	0.15031228354978357	0.0	0.376
7ll2_I_J_C	0.1487369047619048	0.0	0.396
4om1_H_L_G	0.1476333333333334	0.0	0.365
3u4e_A_B_J	0.14625039682539678	0.0	0.371
4olw_H_L_G	0.1461333333333334	0.0	0.365
7tfo_H_L_A	0.1428565476190476	0.0	0.382
2ny7_H_L_G	0.14280992063492065	0.0	0.384
5vn8_I_K_E	0.14280992063492065	0.0	0.384
4olx_H_L_G	0.142739880952381	0.0	0.365
7rai_H_L_A	0.14152857142857142	0.0	0.398
4ydj_A_B_I	0.14132718253968254	0.0	0.37
4ydj_H_L_G	0.14132718253968254	0.0	0.37
4ywg_H_L_G	0.14036190476190474	0.033	0.4
4xny_H_L_G	0.13526904761904762	0.0	0.367
6p62_C_D_B	0.1327029761904762	0.0	0.737
4xmp_H_L_G	0.132680753968254	0.0	0.373
5w4l_B_C_A	0.13056666666666666	0.03	0.401
6oz3_H_L_G	0.13017108680792894	0.0	0.346
4r4f_H_L_A	0.12882261904761905	0.0	0.404
4rfo_H_L_G	0.1286065476190476	0.0	0.383
5kjr_H_L_G	0.1286065476190476	0.0	0.383
3hi1_B_A_J	0.12840753968253965	0.0	0.405
6ofi_H_L_G	0.12832857142857143	0.0	0.409
4j6r_H_L_G	0.12759464285714286	0.0	0.384
4lsu_H_L_G	0.12752142857142856	0.0	0.347
5wb9_H_L_G	0.1266857142857143	0.0	0.396
5f9o_H_L_G	0.12636468253968255	0.0	0.395
6chb_M_N_F	0.12557261904761904	0.0	0.373
4s1s_H_L_G	0.12523333333333336	0.0	0.365
7kde_M_N_E	0.12460654761904762	0.0	0.365
5f96_H_L_G	0.12381349206349208	0.0	0.388
6mto_H_L_T	0.12321230158730158	0.0	0.403
7mxe_R_W_J	0.12314166666666665	0.071	0.36
6b0n_D_E_G	0.12307916666666668	0.0	0.372
4ydl_H_L_G	0.12299583333333333	0.0	0.374
4rwy_H_L_A	0.12180218253968254	0.0	0.382
6fy1_H_L_G	0.12118690476190479	0.0	0.368
5ukr_H_L_G	0.1205827380952381	0.0	0.381
1e6j_H_L_P	0.1201595238095238	0.0	0.378
7jks_H_L_G	0.11965851370851371	0.0	0.379
4rx4_A_D_E	0.11892837301587302	0.0	0.383
4rx4_H_L_G	0.11892837301587302	0.0	0.383
6nfc_J_M_G	0.11892023809523812	0.0	0.278
4ybl_H_L_G	0.11818611111111112	0.0	0.363
3vrl_H_L_C	0.11616964285714286	0.0	0.396
5v8l_I_M_D	0.11608988095238097	0.0	0.383
7ly9_A_M_K	0.11608988095238097	0.0	0.383
7ly9_B_C_G	0.11608988095238097	0.0	0.383
7pc2_G_H_C	0.11608988095238097	0.0	0.383
7pc2_K_L_A	0.11608988095238097	0.0	0.383
3j70_A_B_D	0.11599464285714288	0.0	0.417
6udk_D_E_G	0.11552916666666666	0.0	0.383
6udk_M_N_R	0.11552916666666666	0.0	0.383
7lg6_H_L_A	0.11542500000000001	0.0	0.388
7ll1_H_L_A	0.11542500000000001	0.0	0.387
7ll1_J_K_G	0.11542500000000001	0.0	0.387
3j5m_D_C_A	0.11516666666666667	0.0	0.378
6crq_D_E_A	0.11516666666666667	0.0	0.378
6crq_I_K_B	0.11516666666666667	0.0	0.378
6vo3_G_J_C	0.11516666666666667	0.0	0.378
7rsn_E_J_C	0.11516666666666667	0.0	0.378
7rso_G_J_C	0.11516666666666667	0.0	0.378
4cc8_F_J_D	0.11478452380952384	0.0	0.371
4cc8_H_L_E	0.11478452380952384	0.0	0.371
6cde_5_6_2	0.11478452380952384	0.0	0.371
6cdi_8_7_2	0.11478452380952384	0.0	0.319
6cuf_8_7_2	0.11478452380952384	0.0	0.232
6mpg_8_7_2	0.11478452380952384	0.0	0.319
6mph_g_i_B	0.11478452380952384	0.0	0.319
6n1v_Q_R_C	0.11478452380952384	0.0	0.229
6n1w_Q_R_c	0.11478452380952384	0.0	0.232
6nf2_C_D_G	0.11478452380952384	0.0	0.372
6osy_F_E_B	0.11478452380952384	0.0	0.373
6osy_P_O_K	0.11478452380952384	0.0	0.373
6ot1_J_K_E	0.11478452380952384	0.0	0.373
6v8z_C_F_A	0.11478452380952384	0.0	0.368
7klc_H_L_A	0.11454285714285714	0.029	0.399
6ot1_A_C_O	0.11452916666666667	0.0	0.404
4yc2_B_C_A	0.11387361111111112	0.0	0.363
5cd5_C_D_A	0.11357857142857145	0.0	0.397
6bf4_B_C_A	0.11313273809523808	0.0	0.411
6osy_H_L_A	0.11309107142857144	0.0	0.413
6orp_H_L_G	0.11261964285714286	0.0	0.387
6orp_J_K_I	0.11261964285714286	0.0	0.387
4ye4_H_L_G	0.11224480519480519	0.0	0.387
6x97_E_F_C	0.11100218253968254	1.0	1.0
4jpv_H_L_G	0.10900535714285714	0.0	0.383
4lsv_H_L_G	0.10900535714285714	0.0	0.383
6mph_1_2_6	0.10863214285714286	0.0	0.267
3p30_H_L_A	0.10833968253968253	0.0	0.36
6nf2_H_L_B	0.10669246031746032	0.0	0.396
5te4_H_L_G	0.10669107142857143	0.0	0.377
5te7_H_L_G	0.10669107142857143	0.0	0.377
4xnz_B_C_A	0.1065636904761905	0.0	0.364
4xnz_E_F_D	0.1065636904761905	0.0	0.364
5aco_G_J_C	0.10652083333333334	0.0	0.363
6xcj_H_L_G	0.10461547619047618	0.0	0.393
6mpg_3_4_A	0.10370357142857145	0.0	0.281
4jb9_H_L_G	0.10150357142857143	0.0	0.359
6chb_J_K_G	0.10041091269841271	0.0	0.357
6dfg_H_L_A	0.10041091269841271	0.0	0.358
6dc5_B_C_A	0.09970811688311688	0.0	0.393
1n5y_H_L_B	0.09461785714285714	0.0	0.387
1n6q_H_L_B	0.09461785714285714	0.0	0.387
5a8h_L_K_G	0.09446408730158729	0.063	0.388
5a8h_R_Q_M	0.09446408730158729	0.053	0.388
5thr_P_Q_C	0.09446408730158729	0.0	0.388
6cm3_T_U_C	0.09446408730158729	0.0	0.388
6dc3_H_L_F	0.0932047619047619	0.0	0.383
5vj6_M_N_B	0.09208908730158728	0.0	0.386
7llk_C_D_A	0.09192994227994228	0.0	0.357
6opa_S_R_G	0.09155178571428571	0.0	0.345
4r2g_D_C_O	0.09001250000000001	0.0	0.363
6udj_D_E_P	0.0867190476190476	0.0	0.311
6u0l_H_L_A	0.08405178571428573	0.0	0.364
6u0l_I_J_B	0.08405178571428573	0.0	0.364
6u0l_P_Q_C	0.08405178571428573	0.0	0.364
5t3s_D_E_B	0.07874246031746031	0.0	0.354
5utf_D_E_B	0.07874246031746031	0.0	0.352
5uty_D_E_B	0.07874246031746031	0.0	0.352
6ce0_D_E_B	0.07874246031746031	0.0	0.352
6ch7_D_E_B	0.07874246031746031	0.0	0.352
6ck9_D_E_B	0.07874246031746031	0.0	0.246
6de7_D_E_B	0.07874246031746031	0.0	0.352
6ieq_D_E_B	0.07874246031746031	0.0	0.354
6mdt_D_E_B	0.07874246031746031	0.0	0.352
6mu8_D_E_B	0.07874246031746031	0.0	0.244
6mug_D_E_B	0.07874246031746031	0.0	0.244
6nnj_D_E_B	0.07874246031746031	0.0	0.24
6w03_D_E_B	0.07874246031746031	0.0	0.244
6wix_D_E_B	0.07874246031746031	0.0	0.244
6mtj_H_L_G	0.07756369047619048	0.0	0.363
6mu6_H_L_G	0.07756369047619048	0.0	0.363
6nm6_H_L_G	0.07756369047619048	0.0	0.363
6nnj_H_L_G	0.07756369047619048	0.0	0.363
6vzi_H_L_G	0.07756369047619048	0.0	0.363
5t3z_H_L_G	0.07663749999999998	0.0	0.36
6ccb_H_L_G	0.07663749999999998	0.0	0.358
6orn_F_I_K	0.07663749999999998	0.0	0.36
1gc1_H_L_G	0.07581547619047618	0.0	0.4
1yyl_H_L_G	0.07581547619047618	0.0	0.406
2i60_H_L_G	0.07581547619047618	0.0	0.406
2nxy_D_C_A	0.07581547619047618	0.0	0.406
2nxz_D_C_A	0.07581547619047618	0.0	0.406
2ny0_D_C_A	0.07581547619047618	0.0	0.406
2ny1_D_C_A	0.07581547619047618	0.0	0.406
2ny4_D_C_A	0.07581547619047618	0.0	0.406
2ny5_H_L_G	0.07581547619047618	0.0	0.406
2ny6_D_C_A	0.07581547619047618	0.0	0.406
6cm3_K_J_D	0.07581547619047618	0.0	0.406
6cm3_O_N_E	0.07581547619047618	0.0	0.406
6opp_G_I_D	0.07581547619047618	0.0	0.404
6opp_H_L_A	0.07581547619047618	0.0	0.404
6x5b_H_L_A	0.07581547619047618	0.0	0.404
7lo6_H_G_E	0.07581547619047618	0.0	0.404
7lok_K_J_A	0.07581547619047618	0.0	0.404
7lok_M_L_C	0.07581547619047618	0.0	0.404
5d9q_H_L_G	0.07311011904761905	0.0	0.353
5d9q_N_M_J	0.07311011904761905	0.0	0.353
5u7m_H_L_G	0.07311011904761905	0.0	0.354
5u7o_H_L_G	0.07311011904761905	0.0	0.354
5utf_H_L_G	0.07311011904761905	0.0	0.354
6b0n_H_L_G	0.07311011904761905	0.0	0.354
6cdi_5_6_2	0.07311011904761905	0.0	0.239
6cuf_5_6_2	0.07311011904761905	0.0	0.238
6cuf_M_N_C	0.07311011904761905	0.0	0.238
6mph_M_N_C	0.07311011904761905	0.0	0.239
6n1w_5_6_C	0.07311011904761905	0.0	0.238
6n1w_m_n_2	0.07311011904761905	0.0	0.238
6nf2_E_F_G	0.07311011904761905	0.0	0.354
6osy_C_D_B	0.07311011904761905	0.0	0.354
6ot1_F_I_E	0.07311011904761905	0.0	0.354
