abname	sesascore	episim	absim
5v8l_I_M_D	0.5113579365079365	0.696	1.0
7ly9_A_M_K	0.5113579365079365	0.4	1.0
7ly9_B_C_G	0.5113579365079365	0.387	1.0
7pc2_G_H_C	0.5113579365079365	1.0	1.0
7pc2_K_L_A	0.5113579365079365	0.944	1.0
3ngb_B_C_A	0.4096553571428571	0.517	0.622
4lss_H_L_G	0.4096553571428571	0.394	0.622
6v8x_C_D_A	0.4096553571428571	0.609	0.621
6vlw_H_L_G	0.4096553571428571	0.0	0.627
4jpv_H_L_G	0.3483095238095238	0.538	1.0
4lsv_H_L_G	0.3483095238095238	0.556	1.0
4olw_H_L_G	0.3425208333333333	0.517	0.623
4om1_H_L_G	0.3366875	0.441	0.632
3u7y_H_L_G	0.3306458333333333	0.395	0.625
4olx_H_L_G	0.33007916666666665	0.483	0.626
7llk_C_D_A	0.32548333333333335	0.48	0.423
4xvt_H_L_G	0.3156339285714287	0.577	0.645
3j5m_D_C_A	0.28289101731601735	0.625	0.629
6crq_D_E_A	0.28289101731601735	0.762	0.629
6crq_I_K_B	0.28289101731601735	0.727	0.629
6vo3_G_J_C	0.28289101731601735	0.577	0.629
7rsn_E_J_C	0.28289101731601735	0.407	0.63
7rso_G_J_C	0.28289101731601735	0.464	0.63
4cc8_F_J_D	0.2817236111111111	0.0	0.622
4cc8_H_L_E	0.2817236111111111	0.0	0.622
6cde_5_6_2	0.2817236111111111	0.536	0.612
6cdi_8_7_2	0.2817236111111111	0.533	0.433
6cuf_8_7_2	0.2817236111111111	0.517	0.268
6mpg_8_7_2	0.2817236111111111	0.536	0.433
6mph_g_i_B	0.2817236111111111	0.516	0.433
6n1v_Q_R_C	0.2817236111111111	0.481	0.265
6n1w_Q_R_c	0.2817236111111111	0.593	0.268
6nf2_C_D_G	0.2817236111111111	0.577	0.625
6osy_F_E_B	0.2817236111111111	0.481	0.625
6osy_P_O_K	0.2817236111111111	0.48	0.625
6ot1_J_K_E	0.2817236111111111	0.5	0.625
6v8z_C_F_A	0.2817236111111111	0.448	0.616
7lg6_H_L_A	0.25951944444444447	0.387	0.592
7ll1_H_L_A	0.25951944444444447	0.444	0.591
7ll1_J_K_G	0.25951944444444447	0.462	0.591
4lsu_H_L_G	0.24303187229437231	0.368	0.483
6p8n_B_D_A	0.24050376984126987	0.0	0.658
5te4_H_L_G	0.2336167582417582	0.375	0.645
5te7_H_L_G	0.2336167582417582	0.452	0.645
4s1s_H_L_G	0.23336185064935064	0.464	0.629
4j6r_H_L_G	0.22939940476190476	0.4	0.646
7jks_H_L_G	0.21708452380952384	0.4	0.468
4ydl_H_L_G	0.21247020202020198	0.517	0.64
4xnz_B_C_A	0.2120271825396825	0.4	0.594
4xnz_E_F_D	0.2120271825396825	0.556	0.594
4jb9_H_L_G	0.2083813492063492	0.412	0.587
4xny_H_L_G	0.20534298340548338	0.359	0.582
5wb9_H_L_G	0.19473571428571432	0.625	0.658
6chb_M_N_F	0.19457857142857143	0.556	0.476
5cd5_C_D_A	0.19017123015873014	0.464	0.68
6udj_D_E_P	0.18870833333333334	0.433	0.415
4xmp_H_L_G	0.18828075396825397	0.311	0.596
5f9o_H_L_G	0.18312658730158732	0.5	0.601
5t3z_H_L_G	0.1822529761904762	0.0	0.433
6ccb_H_L_G	0.1822529761904762	0.0	0.43
6orn_F_I_K	0.1822529761904762	0.0	0.433
6oz3_H_L_G	0.17674007936507938	0.6	0.476
6b0n_D_E_G	0.17431785714285716	0.536	0.487
5vj6_M_N_B	0.17183492063492065	0.0	0.603
5f96_H_L_G	0.16784404761904764	0.6	0.611
5a8h_L_K_G	0.16672242063492063	0.032	0.6
5a8h_R_Q_M	0.16672242063492063	0.027	0.6
5thr_P_Q_C	0.16672242063492063	0.0	0.6
6cm3_T_U_C	0.16672242063492063	0.0	0.6
7kde_M_N_E	0.158194227994228	0.0	0.435
4lsp_H_L_G	0.15257106227106232	0.483	0.685
4rwy_H_L_A	0.1523982142857143	0.308	0.606
1e6j_H_L_P	0.15086780303030303	0.0	0.43
6udk_D_E_G	0.15013214285714288	0.5	0.536
6udk_M_N_R	0.15013214285714288	0.406	0.536
6nfc_J_M_G	0.1493279761904762	0.0	0.264
4ydj_A_B_I	0.14805878427128424	0.257	0.431
4ydj_H_L_G	0.14805878427128424	0.216	0.431
4rx4_A_D_E	0.1459642857142857	0.256	0.598
4rx4_H_L_G	0.1459642857142857	0.286	0.598
6mtj_H_L_G	0.14195320512820517	0.0	0.429
6mu6_H_L_G	0.14195320512820517	0.0	0.429
6nm6_H_L_G	0.14195320512820517	0.0	0.429
6nnj_H_L_G	0.14195320512820517	0.0	0.429
6vzi_H_L_G	0.14195320512820517	0.0	0.429
7ll2_I_J_C	0.13834702380952385	0.542	0.64
4jan_A_B_I	0.13730238095238095	0.321	0.426
3u4e_A_B_J	0.13577440476190478	0.0	0.445
6ot1_A_C_O	0.1356390873015873	0.0	0.503
7mxe_R_W_J	0.13436071428571428	0.0	0.405
4ye4_H_L_G	0.13435496031746033	0.37	0.551
7klc_H_L_A	0.13376190476190475	0.062	0.57
6opa_S_R_G	0.1316202380952381	0.429	0.407
4yc2_B_C_A	0.13130773809523807	0.0	0.439
3j70_A_B_D	0.1294357142857143	0.0	0.636
6xcj_H_L_G	0.1281540293040293	0.171	0.614
4ybl_H_L_G	0.12382162698412699	0.0	0.439
4r4f_H_L_A	0.12332261904761906	0.0	0.632
2ny7_H_L_G	0.12240119047619048	0.212	0.609
5vn8_I_K_E	0.12240119047619048	0.133	0.609
6dc3_H_L_F	0.12189844322344322	0.0	0.454
6u0l_H_L_A	0.1208	0.0	0.445
6u0l_I_J_B	0.1208	0.0	0.445
6u0l_P_Q_C	0.1208	0.0	0.445
6fy1_H_L_G	0.11794880952380953	0.0	0.455
6bf4_B_C_A	0.11794136904761905	0.0	0.597
6chb_J_K_G	0.11690320512820515	0.0	0.419
6dfg_H_L_A	0.11690320512820515	0.0	0.425
3p30_H_L_A	0.11559126984126983	0.0	0.459
6osy_H_L_A	0.11488214285714286	0.0	0.56
3vrl_H_L_C	0.11294166666666666	0.0	0.438
7tfo_H_L_A	0.11202470238095237	0.257	0.49
6x97_E_F_C	0.1108404761904762	0.0	0.383
6mph_1_2_6	0.10873333333333333	0.0	0.249
4r2g_D_C_O	0.10830714285714287	0.0	0.436
6p62_C_D_B	0.10532063492063491	0.308	0.397
4ywg_H_L_G	0.10529166666666667	0.0	0.583
6mpg_3_4_A	0.10512916666666668	0.0	0.247
6dc5_B_C_A	0.104775	0.0	0.606
4rfo_H_L_G	0.1042355463980464	0.0	0.439
5kjr_H_L_G	0.1042355463980464	0.0	0.439
5w4l_B_C_A	0.1035875	0.0	0.621
5ukr_H_L_G	0.10042499999999999	0.0	0.435
5aco_G_J_C	0.09750984848484849	0.0	0.434
6nf2_H_L_B	0.09574166666666666	0.0	0.569
6orp_H_L_G	0.0949138888888889	0.0	0.421
6orp_J_K_I	0.0949138888888889	0.0	0.421
5t3s_D_E_B	0.09477777777777777	0.0	0.432
5utf_D_E_B	0.09477777777777777	0.0	0.435
5uty_D_E_B	0.09477777777777777	0.0	0.435
6ce0_D_E_B	0.09477777777777777	0.0	0.432
6ch7_D_E_B	0.09477777777777777	0.0	0.432
6ck9_D_E_B	0.09477777777777777	0.0	0.262
6de7_D_E_B	0.09477777777777777	0.0	0.435
6ieq_D_E_B	0.09477777777777777	0.0	0.432
6mdt_D_E_B	0.09477777777777777	0.0	0.432
6mu8_D_E_B	0.09477777777777777	0.0	0.262
6mug_D_E_B	0.09477777777777777	0.0	0.262
6nnj_D_E_B	0.09477777777777777	0.0	0.261
6w03_D_E_B	0.09477777777777777	0.0	0.262
6wix_D_E_B	0.09477777777777777	0.0	0.262
3mac_H_L_A	0.09147202380952381	0.0	0.45
4khx_H_L_A	0.09147202380952381	0.0	0.45
3hi1_B_A_J	0.08759940476190475	0.111	0.591
6ofi_H_L_G	0.08731746031746032	0.0	0.648
6mto_H_L_T	0.08391607142857144	0.0	0.6
5d9q_H_L_G	0.08208177655677656	0.0	0.423
5d9q_N_M_J	0.08208177655677656	0.0	0.423
5u7m_H_L_G	0.08208177655677656	0.0	0.422
5u7o_H_L_G	0.08208177655677656	0.0	0.422
5utf_H_L_G	0.08208177655677656	0.0	0.422
6b0n_H_L_G	0.08208177655677656	0.0	0.422
6cdi_5_6_2	0.08208177655677656	0.0	0.238
6cuf_5_6_2	0.08208177655677656	0.0	0.239
6cuf_M_N_C	0.08208177655677656	0.0	0.239
6mph_M_N_C	0.08208177655677656	0.0	0.238
6n1w_5_6_C	0.08208177655677656	0.0	0.239
6n1w_m_n_2	0.08208177655677656	0.0	0.239
6nf2_E_F_G	0.08208177655677656	0.0	0.422
6osy_C_D_B	0.08208177655677656	0.0	0.422
6ot1_F_I_E	0.08208177655677656	0.0	0.422
7rai_H_L_A	0.07915277777777778	0.0	0.572
7tfn_P_Q_C	0.07899523809523808	0.343	0.454
3ma9_H_L_A	0.07851249999999999	0.0	0.452
1n5y_H_L_B	0.071075	0.0	0.435
1n6q_H_L_B	0.071075	0.0	0.435
1gc1_H_L_G	0.06498095238095238	0.0	0.61
1yyl_H_L_G	0.06498095238095238	0.0	0.62
2i60_H_L_G	0.06498095238095238	0.0	0.62
2nxy_D_C_A	0.06498095238095238	0.0	0.62
2nxz_D_C_A	0.06498095238095238	0.0	0.62
2ny0_D_C_A	0.06498095238095238	0.0	0.62
2ny1_D_C_A	0.06498095238095238	0.0	0.62
2ny4_D_C_A	0.06498095238095238	0.0	0.62
2ny5_H_L_G	0.06498095238095238	0.0	0.62
2ny6_D_C_A	0.06498095238095238	0.0	0.62
6cm3_K_J_D	0.06498095238095238	0.0	0.62
6cm3_O_N_E	0.06498095238095238	0.0	0.62
6opp_G_I_D	0.06498095238095238	0.0	0.614
6opp_H_L_A	0.06498095238095238	0.0	0.614
6x5b_H_L_A	0.06498095238095238	0.0	0.614
7lo6_H_G_E	0.06498095238095238	0.0	0.612
7lok_K_J_A	0.06498095238095238	0.0	0.612
7lok_M_L_C	0.06498095238095238	0.0	0.612
